name			E_u		A			g
13CO13-12		481.02  1.924e-04	27
13CO12-11		412.33  1.517e-04	25
13CO11-10		348.92	1.170e-04	23
13CO10-9		290.79	8.797e-05	21
13CO9-8			237.93	6.406e-05	19
13CO8-7	        190.36	0.00004487	17
13CO7-6  		148.06	0.00002991	15
13CO6-5	        111.05	0.00001868	13
13CO5-4  		79.33	0.00001067	11
B2BCO36-35		3669	0.00364	   	73
CI3P1-3P0		23.62	7.88e-8		3
CI3P2-3P1		62.462	2.65e-7		5
CI3P2-3P0		62.462 	1.810e-14 	5
CII2P3_2-2P1_2	91.21	2.3e-6		4
CO4-3			55.32	0.000006126	9
CO5-4			82.97	0.00001221	11
CO6-5			116.16	0.00002137	13
CO7-6			154.87	0.00003422	15
CO8-7			199.11	0.00005134	17
CO9-8			248.88	0.0000733	19
CO10-9			304.16	0.0001006	21
CO11-10			364.97	0.0001339	23
CO12-11			431.29	0.0001735	25
CO13-12			503.13	0.00022		27
CO14-13			580.49	2.739e-04	29
CO15-14			663.35	3.354e-04	31
CO16-15			751.72	4.050e-04	33
CO17-16			845.59	4.829e-04	35
CO18-17			944.97	5.695e-04	37
CO19-18			1049.84	6.650e-04	39
CO20-19			1160.20	7.695e-04	41
CO21-20			1276.05	8.833e-04	43
CO22-21			1397.38	1.006e-03	45
CO23-22			1524.19	1.139e-03	47
CO24-23			1656.47	1.281e-03	49
CO25-24			1794.23	1.432e-03	51
CO26-25			1937.44	1.592e-03	53
CO27-26			2086.12	1.761e-03	55
CO28-27			2240.24	1.940e-03	57
CO29-28			2399.82	2.126e-03	59
CO30-29			2564.83	2.321e-03	61
CO31-30			2735.28	2.524e-03	63
CO32-31			2911.15	2.735e-03	65
CO33-32			3092.45	2.952e-03	67
CO34-33			3279.15	3.175e-03	69
CO35-34			3471.27	3.404e-03	71
CO36-35			3668.78	3.638e-03	73
CO37-36			3871.69	3.878e-03	75
CO38-37			4079.98	4.120e-03	77
CO39-38			4293.64	4.365e-03	79
CO40-39			4512.67 4.613e-03	81
CO41-40			4737.13 4.862e-03	83
CO42-41			4966.88	5.112e-03	85
CO43-42			5201.97	5.360e-03	87
CO44-43			5442.40	5.607e-03	89
CO45-44			5688.14 5.851e-03	91
CO46-45 		5939.21	6.091e-03	93
CO47-46			6195.57	6.326e-03	95
CO48-47			6457.23	6.556e-03	97
CO49-48 		6724.18	6.778e-03	99
COB2B26-25		1937	0.00159		53
COR1A25-24		1794	0.00143		51
HCO+6-5			89.88	0.012711	13
HCO+7-6			119.84	0.020402	15
HCO+8-7			154.07	0.030711	17
HCO+9-8			192.58	0.044006	19
HCO+10-9		235.37	0.060667	21
HCO+11-10		282.43	0.08107		23
HCO+12-11		333.77	0.10562		25
HCO+13-12 		389.38 	1.3467e-01	27
HCO+14-13 		449.26 	1.6860e-01 	29
HCO+15-14 		513.41 	2.0777e-01	31
HCO+16-15		581.83 	2.5255e-01	33
HCO+17-16 		654.52 	3.0338e-01	35
HCO+18-17		731.48 	3.6050e-01	37
HCO+19-18 		812.69 	4.2444e-01	39
HCO+20-19 		898.17 	4.9549e-01	41
HCO+21-20		987.91 	5.7405e-01	43
HCO+22-21		1081.91 6.6034e-01	45
HCO+23-22 		1180.16 7.5493e-01	47
HCO+24-23 		1282.67 8.5794e-01	49
HCO+25-24 		1389.43 9.6990e-01	51
HCO+26-25 		1500.43 1.0912		53
HCO+27-26 		1615.69 1.2221 		55
HCO+28-27 		1735.18 1.3630 		57
HCO+29-28 		1858.92 1.5144 		59
HCO+30-29		1986.89 1.6763 		61
NII3P1-3P0		0		0			0
NII3P2-3P1		0		0			0
NII_122			188.28	7.5e-06		5
NII_205			70.10	0 			3
Hotwater		0		0			0
o-H2O5_32-5_05	732.1 	3.821e-02	33
o-H2O8_27-7_16 	1274.2 	1.897 		51
o-H2O10_29-10_110	1861.3 	5.428e-01 	63
o-H2O9_09-8_18 	1323.9 	2.480 		57
o-H2O7_52-8_27 	1524.9 	7.476e-04 	45
o-H2O4_32-3_21 	550.4 	1.374		27
o-H2O5_41-6_16 	878.2 	2.736e-04	33
o-H2O9_18-9_09	1552.6 	4.183e-01 	57
o-H2O8_18-7_07 	1070.7 	1.751 		51
o-H2O6_61-6_52 	1503.6 	3.533e-01	39
o-H2O7_61-7_52	1749.9 	5.828e-01	45
o-H2O6_25-5_14 	795.5 	9.390e-01 	39
o-H2O7_16-6_25 	1013.2 	9.508e-01 	45
o-H2O3_30-2_21 	410.7 	1.243 		21
o-H2O3_30-3_03	410.7 	8.505e-03	21
o-H2O8_27-8_18 	1274.2 	3.278e-01 	51
o-H2O7_07-6_16	843.5 	1.157 		45
o-H2O7_25-6_34 	1125.7 	2.579e-01 	45
o-H2O3_21-2_12 	305.3 	3.318e-01	21
o-H2O8_54-8_45 	1805.9 	5.758e-01	51
o-H2O6_52-6_43 	1278.5 	3.969e-01 	39
o-H2O5_50-5_41 	1067.7 	2.469e-01 	33
o-H2O7_52-7_43 	1524.9 	4.648e-01 	45
o-H2O4_23-3_12 	432.2 	4.838e-01 	27
o-H2O9_27-9_18 	1729.3 	3.838e-01 	57
o-H2O6_16-5_05 	643.5 	7.491e-01 	38
o-H2O8_36-8_27 	1447.6 	3.834e-01 	51
o-H2O7_16-7_07 	1013.2 	2.160e-01 	45
o-H2O8_45-8_36 	1615.4 	4.296e-01 	51
o-H2O6_43-6_34 	1088.8 	2.991e-01 	39
o-H2O6_25-6_16 	795.5 	1.740e-01 	39
o-H2O4_41-4_32 	702.3 	1.528e-01 	27
o-H2O5_41-5_32 	878.2 	2.120e-01	33
o-H2O5_05-4_14 	468.1 	3.902e-01 	33
o-H2O5_14-4_23 	574.7 	1.566e-01 	33
o-H2O6_34-6_25	933.7 	2.181e-01	39
o-H2O2_21-1_10	194.1 	2.564e-01 	15
o-H2O7_43-7_34 	1339.9 	2.153e-01 	45
o-H2O4_41-5_14 	702.3 	1.654e-04 	27
o-H2O4_14-3_03 	323.5 	2.463e-01 	27
o-H2O9_27-10_110	1729.3 	5.496e-04 	57
o-H2O8_36-9_09 	1447.6 	6.314e-04	51
o-H2O7_34-6_43 	1212.0 	2.475e-02 	45
o-H2O4_32-4_23 	550.4 	1.229e-01 	27
o-H2O9_36-9_27 	1845.9  1.883e-01 	57
o-H2O7_25-7_16 	1125.7 	1.360e-01 	45
o-H2O9_45-9_36 	1957.1 	1.896e-01 	57
o-H2O4_23-4_14 	432.2 	8.084e-02 	27
o-H2O8_36-7_43 	1447.6 	1.389e-02 	51
o-H2O5_14-5_05 	574.7 	7.579e-02 	33
o-H2O3_30-3_21 	410.7 	6.619e-02 	21
o-H2O5_23-4_32 	642.4 	1.118e-02 	33
o-H2O8_45-7_52 	1615.4 	6.748e-03 	51
o-H2O6_34-7_07 	933.7 	3.660e-04 	39
o-H2O5_32-5_23 	732.1 	8.174e-02 	33
o-H2O7_34-7_25 	1212.0 	9.234e-02 	45
o-H2O3_03-2_12 	196.8 	5.048e-02 	21
o-H2O4_32-5_05 	550.4 	2.499e-04	27
o-H2O2_12-1_01 	114.4 	5.593e-02 	15
o-H2O2_21-2_12 	194.1 	3.058e-02 	15
o-H2O8_54-9_27 	1805.9 	2.999e-04 	51
o-H2O6_43-7_16 	1088.8 	2.890e-04 	39
o-H2O5_23-5_14 	642.4 	4.314e-02 	33
o-H2O6_25-5_32 	795.5 	2.217e-03 	39
o-H2O8_45-9_18 	1615.4 	2.422e-04 	51
o-H2O8_27-7_34 	1274.2 	9.542e-04 	51
o-H2O7_43-6_52 	1339.9 	1.414e-03 	45
o-H2O8_54-7_61 	1805.9 	8.338e-04 	51
o-H2O3_21-3_12 	305.3 	2.288e-02 	21
o-H2O6_34-5_41 	933.7 	1.333e-03 	39
o-H2O3_12-2_21 	249.4 	2.634e-03 	21
o-H2O7_25-8_18 	1125.7 	9.343e-05 	45
o-H2O3_12-3_03 	249.4 	1.648e-02 	21
o-H2O5_32-4_41 	732.1 	1.039e-04 	33
o-H2O1_10-1_01 	61.0 	3.458e-03 	9
o-H2O4_23-3_03 	432.2 	5.263e-05 	27
p-H2O6_51-7_26 	1278.6 	4.249e-04 	13
p-H2O7_71-7_62 	2006.9 	4.590e-01 	15
p-H2O10_19-10_010 	1860.4 	5.375e-01 	21
p-H2O4_31-3_22 	552.3 	1.452 		9
p-H2O9_19-8_08 	1324.0 	2.486 		19
p-H2O4_22-3_13 	454.3 	3.785e-01 	9
p-H2O8_17-7_26 	1270.3 	1.629 		17
p-H2O6_42-7_17 	1090.3 	4.170e-04 	13
p-H2O7_26-6_15 	1021.0 	1.338 		15
p-H2O8_26-7_35 	1414.2 	7.068e-01 	17
p-H2O7_62-8_35 	1749.9 	3.484e-04 	15
p-H2O4_31-4_04 	552.3 	2.451e-02 	9
p-H2O4_40-5_15 	702.3 	1.121e-04 	9
p-H2O9_28-9_19 	1554.5 	4.280e-01 	19
p-H2O8_08-7_17 	1070.6 	1.742 		17
p-H2O7_62-7_53 	1749.9 	5.847e-01 	15
p-H2O3_31-2_20	410.4 	1.222 		7
p-H2O5_24-4_13 	598.8 	6.679e-01 	11
p-H2O7_17-6_06 	843.8 	1.178 		15
p-H2O5_51-6_24 	1067.7 	2.480e-01 	11
p-H2O8_17-8_08 	1270.3 	3.110e-01 	17
p-H2O9_37-9_28 	1749.9 	5.047e-01 	19
p-H2O5_51-5_42 	1067.7 	2.480e-01 	11
p-H2O7_53-7_44 	1524.6 	4.974e-01 	15
p-H2O6_51-6_42 	1278.6 	3.886e-01 	13
p-H2O6_15-5_24 	781.1 	4.526e-01 	13
p-H2O9_46-9_37 	1929.3 	5.213e-01 	19
p-H2O8_53-8_44 	1807.0 	4.866e-01 	17
p-H2O7_26-7_17 	1021.0 	2.430e-01 	15
p-H2O8_35-7_44 	1511.0 	1.040e-01 	15
p-H2O6_06-5_15 	642.7 	7.132e-01 	13
p-H2O3_22-2_11 	296.8 	3.524e-01 	7
p-H2O7_44-7_35 	1334.8 	3.587e-01 	15
p-H2O5_42-5_33 	877.8 	2.375e-01 	11
p-H2O5_15-4_04 	469.9 	4.460e-01 	11
p-H2O4_40-4_31 	702.3 	1.480e-01 	9
p-H2O9_37-10_010 	1749.9 	8.327e-04 	19
p-H2O8_26-8_17 	1414.2 	2.374e-01 	17
p-H2O2_20-1_11 	195.9 	2.607e-01 	5
p-H2O6_24-5_33 	867.3 	6.891e-02 	13
p-H2O6_42-6_33 	1090.3 	2.272e-01  	13
p-H2O6_15-6_06 	781.1 	1.360e-01 	13
p-H2O5_24-5_15 	598.8 	1.205e-01 	11
p-H2O5_33-5_24 	725.1 	1.653e-01 	11
p-H2O9_46-8_53 	1939.4 	2.088e-02 	19
p-H2O9_37-8_44 	1749.9 	1.724e-02 	19
p-H2O8_44-8_35 	1628.4 	1.974e-01 	17
p-H2O4_04-3_13 	319.5 	1.727e-01 	9
p-H2O3_31-3_22 	410.4 	7.848e-02 	7
p-H2O7_53-8_26 	1524.6 	4.122e-04 	15
p-H2O7_35-8_08 	1175.1 	4.751e-04 	15
p-H2O3_13-2_02 	204.7 	1.251e-01 	7
p-H2O8_44-7_53 	1628.4 	1.056e-02 	17
p-H2O4_13-3_22 	396.4 	3.316e-02 	9
p-H2O4_31-4_22 	552.3 	8.187e-02 	9
p-H2O8_35-8_26 	1511.0 	1.235e-01 	17
p-H2O5_42-6_15 	877.8 	2.956e-04 	11
p-H2O3_22-3_13 	296.8 	5.246e-02 	7
p-H2O3_31-4_04 	410.4 	1.630e-04 	7
p-H2O8_26-9_19 	1414.2 	2.755e-04 	17
p-H2O6_24-6_15 	867.3 	7.508e-02 	13
p-H2O7_35-6_42 	1175.1 	6.358e-03 	15
p-H2O6_33-6_24 	951.8 	8.175e-02 	13
p-H2O5_33-6_06 	725.1 	2.984e-04 	11
p-H2O4_13-4_04 	396.4 	3.726e-02 	9
p-H2O6_33-5_42 	951.8 	3.422e-03 	13
p-H2O7_26-6_33 	1021.0 	2.131e-03 	15
p-H2O9_46-10_19 1929.3 	2.969e-04 	19
p-H2O7_44-8_17 	1334.8 	2.462e-04 	15
p-H2O2_20-2_11 	195.951 1.871e-02 	5
p-H2O4_22-4_13 	454.3 	2.863e-02 	9
p-H2O8_53-7_62 	1807.0 	8.839e-04 	17
p-H2O7_44-6_51 	1334.8 	1.080e-03 	15
p-H2O1_11-0_00 	53.4 	1.842e-02 	3
p-H2O2_02-1_11 	100.8 	5.835e-03 	5
p-H2O5_24-4_31 	598.8 	8.715e-04	11
p-H2O4_22-3_31 	454.3 	5.519e-04 	9
p-H2O9_28-8_35 	1554.5 	1.884e-04	19
p-H2O2_11-2_02 	136.9 	7.062e-03 	5
p-H2O6_24-7_17 	867.3 	1.224e-05 	13
p-H2O5_33-4_40 	725.1 	4.534e-05 	11
p-H2O6_42-5_51 	1090.3 	3.183e-05 	13
o-H2OB2B707-616	843.5	1.157		45
OI3P0-3P1		326.579	1.75e-5		1
OI3P1-3P2		227.712	8.91e-5		3
OIR1A3P0-3P1	0		0			0
OIR1B3P0-3P1	0		0			0
R1ACO25-24		1794	0.00143		51
R1BCO18-17		945		0.00057		37
R1Bp-H2O413-322	396.4	0.03316		9
OH19-14			875.1 	2.182 		10
OH18-15 		875.1 	2.175 		10
OH13-9			512.1	1.276		10
OH12-8 			510.9 	1.267 		10
OH14-10	 		617.6 	1.014 		8
OH15-11 		617.9 	1.012 		8
OH5-1 			181.9 	3.606e-02 	2
OH4-0 			181.7 	3.598e-02 	2
OH9-3			291.2	0.5235		8
OH8-2			290.5	0.5202		8
OH10-8 			415.5 	2.850e-03 	6
OH11-9 			415.9 	2.830e-03 	6
OH3-1			120.7	0.1388		6
OH2-0			120.5	0.1380		6
OH14-12 		617.6 	1.090e-03 	8
OH15-13 		617.9 	1.060e-03 	8
OH19-16 		875.1 	4.350e-04 	10
OH18-17 		875.1 	4.110e-04 	10
OH7-5 			270.2 	6.483e-02 	4
OH6-4 			269.8 	6.450e-02 	4
CH+1-0 			27.855	6.3998e-03 	3
CH+2-1 			83.533 	6.133e-02 	5
CH+3-2 			166.97 	2.211e-01 	7
CH+4-3 			278.06 	5.413e-01	9
CH+5-4 			416.68 	1.076 		11
CH+6-5 			582.67 	1.875 		13
Missing_line	-1 		-1 			-1
