8.791568e+10 	 0.000000e+00 	 1.188159e-01 	 1.228000e-05 
1.033767e+11 	 0.000000e+00 	 1.594347e-01 	 1.605000e-05 
1.098141e+11 	 0.000000e+00 	 1.776001e-01 	 1.730000e-05 
1.498962e+11 	 0.000000e+00 	 3.105273e-01 	 4.216000e-05 
2.306096e+11 	 5.059873e-05 	 6.742595e-01 	 7.005000e-05 
2.997925e+11 	 3.500636e-05 	 1.027590e+00 	 1.166000e-04 
4.282749e+11 	 1.435878e-04 	 1.927526e+00 	 3.032000e-04 
5.995849e+11 	 2.326671e-04 	 3.779754e+00 	 5.456000e-04 
8.565499e+11 	 3.202927e-04 	 7.574988e+00 	 9.732000e-04 
1.326515e+12 	 9.746005e-04 	 1.627898e+01 	 3.347000e-03 
1.620500e+12 	 1.190784e-03 	 2.302655e+01 	 4.132000e-03 
1.897421e+12 	 1.377586e-03 	 3.067398e+01 	 5.176000e-03 
2.204356e+12 	 2.009841e-03 	 3.937256e+01 	 7.478000e-03 
2.562329e+12 	 2.801397e-03 	 5.062296e+01 	 1.006000e-02 
2.997925e+12 	 3.521084e-03 	 6.487548e+01 	 1.299000e-02 
3.494085e+12 	 5.004063e-03 	 8.846308e+01 	 1.885000e-02 
4.073267e+12 	 6.280178e-03 	 1.184684e+02 	 2.555000e-02 
4.751069e+12 	 7.637349e-03 	 1.582262e+02 	 3.400000e-02 
5.541450e+12 	 1.124280e-02 	 2.099766e+02 	 4.546000e-02 
6.461044e+12 	 1.357675e-02 	 2.902210e+02 	 6.106000e-02 
6.971918e+12 	 1.764487e-02 	 3.157874e+02 	 7.291000e-02 
7.532474e+12 	 2.159597e-02 	 3.202500e+02 	 8.424000e-02 
8.124457e+12 	 2.713577e-02 	 3.255196e+02 	 9.678000e-02 
8.791568e+12 	 3.187885e-02 	 3.382276e+02 	 1.096000e-01 
1.023182e+13 	 3.972689e-02 	 4.087842e+02 	 1.343000e-01 
1.194392e+13 	 5.521190e-02 	 5.759840e+02 	 1.585000e-01 
1.394384e+13 	 7.157167e-02 	 8.250373e+02 	 2.008000e-01 
1.498962e+13 	 7.828381e-02 	 1.004867e+03 	 2.187000e-01 
1.620500e+13 	 8.050513e-02 	 1.185352e+03 	 2.349000e-01 
1.753172e+13 	 8.740537e-02 	 1.132805e+03 	 2.520000e-01 
1.897421e+13 	 9.631019e-02 	 9.973047e+02 	 2.690000e-01 
2.039404e+13 	 1.035811e-01 	 1.012352e+03 	 2.833000e-01 
2.204356e+13 	 1.138254e-01 	 1.200009e+03 	 2.999000e-01 
2.379305e+13 	 1.244166e-01 	 1.470073e+03 	 3.181000e-01 
2.562329e+13 	 1.269414e-01 	 1.882420e+03 	 3.226000e-01 
2.676718e+13 	 1.334828e-01 	 1.912826e+03 	 3.254000e-01 
2.775856e+13 	 1.445576e-01 	 1.860123e+03 	 3.278000e-01 
2.882620e+13 	 1.587590e-01 	 1.889671e+03 	 3.323000e-01 
2.997925e+13 	 1.659616e-01 	 1.934968e+03 	 3.421000e-01 
3.055988e+13 	 1.724512e-01 	 2.010436e+03 	 3.509000e-01 
3.116346e+13 	 1.788718e-01 	 1.650168e+03 	 3.598000e-01 
3.237500e+13 	 2.402079e-01 	 1.289822e+03 	 3.742000e-01 
3.364674e+13 	 2.938354e-01 	 1.072461e+03 	 3.882000e-01 
3.494085e+13 	 3.379323e-01 	 8.250061e+02 	 4.013000e-01 
3.775724e+13 	 4.575856e-01 	 7.949903e+02 	 4.204000e-01 
4.073267e+13 	 5.482643e-01 	 8.399751e+02 	 4.355000e-01 
4.402239e+13 	 6.201247e-01 	 9.375070e+02 	 4.497000e-01 
4.751069e+13 	 6.680793e-01 	 9.750073e+02 	 4.626000e-01 
5.133432e+13 	 7.033384e-01 	 1.027554e+03 	 4.747000e-01 
5.541450e+13 	 7.295729e-01 	 9.675228e+02 	 4.858000e-01 
5.983881e+13 	 7.502013e-01 	 1.065211e+03 	 4.962000e-01 
6.461044e+13 	 7.575564e-01 	 1.222618e+03 	 5.070000e-01 
6.971918e+13 	 7.551960e-01 	 1.320384e+03 	 5.183000e-01 
7.532474e+13 	 7.529488e-01 	 1.447542e+03 	 5.289000e-01 
7.827479e+13 	 7.518951e-01 	 1.522153e+03 	 5.339000e-01 
8.124457e+13 	 7.509881e-01 	 1.597699e+03 	 5.386000e-01 
8.444858e+13 	 7.600609e-01 	 1.739670e+03 	 5.433000e-01 
8.791568e+13 	 7.709305e-01 	 1.905264e+03 	 5.482000e-01 
9.112233e+13 	 7.721134e-01 	 2.205266e+03 	 5.530000e-01 
9.487103e+13 	 6.304192e-01 	 3.254962e+03 	 5.583000e-01 
9.861594e+13 	 4.967516e-01 	 4.680128e+03 	 5.631000e-01 
1.023182e+14 	 4.954041e-01 	 4.919475e+03 	 5.675000e-01 
1.063094e+14 	 7.401008e-01 	 2.707271e+03 	 5.720000e-01 
1.106245e+14 	 7.981969e-01 	 2.542457e+03 	 5.764000e-01 
1.194392e+14 	 8.316895e-01 	 2.924710e+03 	 5.844000e-01 
1.394384e+14 	 8.659178e-01 	 3.810293e+03 	 5.986000e-01 
1.620500e+14 	 8.871814e-01 	 4.829740e+03 	 6.092000e-01 
1.897421e+14 	 8.972928e-01 	 6.007373e+03 	 6.164000e-01 
2.204356e+14 	 9.084352e-01 	 7.349743e+03 	 6.176000e-01 
2.562329e+14 	 9.118929e-01 	 8.549596e+03 	 6.200000e-01 
2.997925e+14 	 9.054837e-01 	 9.824138e+03 	 6.245000e-01 
4.282749e+14 	 9.016874e-01 	 1.330675e+04 	 6.317000e-01 
5.450772e+14 	 8.757034e-01 	 1.579378e+04 	 6.395000e-01 
6.907660e+14 	 8.289707e-01 	 1.891308e+04 	 6.444000e-01 
9.084620e+14 	 7.193980e-01 	 2.331098e+04 	 6.667000e-01 
1.153048e+15 	 6.487324e-01 	 2.767692e+04 	 6.834000e-01 
1.362693e+15 	 6.341769e-01 	 3.111510e+04 	 6.805000e-01 
1.498962e+15 	 6.067310e-01 	 3.312655e+04 	 6.905000e-01 
1.665514e+15 	 6.133273e-01 	 3.439735e+04 	 6.983000e-01 
2.141375e+15 	 4.131927e-01 	 4.656739e+04 	 6.976000e-01 
2.997925e+15 	 1.609401e-01 	 5.672599e+04 	 7.752000e-01 
3.287198e+15 	 1.184460e-01 	 6.285312e+04 	 7.988000e-01 
