      50.0000       1295.3492
      51.0000       1318.4220
      52.0000       1341.5083
      53.0000       1364.6225
      54.0000       1387.7801
      55.0000       1410.9971
      56.0000       1434.2900
      57.0000       1457.6764
      58.0000       1481.1752
      59.0000       1504.8049
      60.0000       1528.5858
      61.0000       1552.5388
      62.0000       1576.6861
      63.0000       1601.0513
      64.0000       1625.6581
      65.0000       1650.5327
      66.0000       1675.7022
      67.0000       1701.1954
      68.0000       1727.0422
      69.0000       1753.2758
      70.0000       1779.9295
      71.0000       1807.0401
      72.0000       1834.6463
      73.0000       1862.7898
      74.0000       1891.5150
      75.0000       1920.8698
      76.0000       1950.9055
      77.0000       1981.6766
      78.0000       2013.2445
      79.0000       2045.6726
      80.0000       2079.0319
      81.0000       2113.3989
      82.0000       2148.8573
      83.0000       2185.4996
      84.0000       2223.4255
      85.0000       2262.7469
      86.0000       2303.5868
      87.0000       2346.0811
      88.0000       2390.3822
      89.0000       2436.6606
      90.0000       2485.1061
      91.0000       2535.9354
      92.0000       2589.3920
      93.0000       2645.7531
      94.0000       2705.3381
      95.0000       2768.5138
      96.0000       2835.7031
      97.0000       2907.4028
      98.0000       2984.1954
      99.0000       3066.7688
      100.000       3155.9472
      101.000       3252.7268
      102.000       3358.3176
      103.000       3474.2184
      104.000       3602.3042
      105.000       3744.9567
      