      100.000       918.31118
      101.000       923.42142
      102.000       928.51921
      103.000       933.60647
      104.000       938.68524
      105.000       943.75733
      106.000       948.82444
      107.000       953.88859
      108.000       958.95152
      109.000       964.01535
      110.000       969.08164
      111.000       974.15222
      112.000       979.22913
      113.000       984.31429
      114.000       989.40922
      115.000       994.51612
      116.000       999.63667
      117.000       1004.7728
      118.000       1009.9264
      119.000       1015.0993
      120.000       1020.2935
      121.000       1025.5109
      122.000       1030.7534
      123.000       1036.0230
      124.000       1041.3217
      125.000       1046.6516
      126.000       1052.0146
      127.000       1057.4127
      128.000       1062.8481
      129.000       1068.3229
      130.000       1073.8393
      131.000       1079.3994
      132.000       1085.0056
      133.000       1090.6600
      134.000       1096.3651
      135.000       1102.1228
      136.000       1107.9362
      137.000       1113.8076
      138.000       1119.7391
      139.000       1125.7336
      140.000       1131.7939
      141.000       1137.9227
      142.000       1144.1225
      143.000       1150.3965
      144.000       1156.7475
      145.000       1163.1787
      146.000       1169.6931
      147.000       1176.2940
      148.000       1182.9848
      149.000       1189.7692
      150.000       1196.6502
      151.000       1203.6321
      152.000       1210.7183
      153.000       1217.9132
      154.000       1225.2204
      155.000       1232.6448
      156.000       1240.1906
      157.000       1247.8623
      158.000       1255.6649
      159.000       1263.6031
      160.000       1271.6827
      161.000       1279.9086
      162.000       1288.2870
      163.000       1296.8233
      164.000       1305.5243
      165.000       1314.3962
      166.000       1323.4462
      167.000       1332.6809
      168.000       1342.1081
      169.000       1351.7358
      170.000       1361.5723
      171.000       1371.6260
      172.000       1381.9068
      173.000       1392.4238
      174.000       1403.1872
      175.000       1414.2084
      176.000       1425.4982
      177.000       1437.0690
      178.000       1448.9341
      179.000       1461.1064
      180.000       1473.6002
      181.000       1486.4319
      182.000       1499.6168
      183.000       1513.1731
      184.000       1527.1192
      185.000       1541.4746
      186.000       1556.2608
      187.000       1571.5011
      188.000       1587.2193
      189.000       1603.4422
      190.000       1620.1980
      191.000       1637.5171
      192.000       1655.4322
      193.000       1673.9796
      194.000       1693.1978
      195.000       1713.1288
      196.000       1733.8181
      197.000       1755.3156
      198.000       1777.6762
      199.000       1800.9592
      200.000       1825.2304
      201.000       1850.5625
      202.000       1877.0348
      203.000       1904.7353
      204.000       1933.7626
      205.000       1964.2264
      206.000       1996.2489
      207.000       2029.9682
      208.000       2065.5377
      209.000       2103.1339
      210.000       2142.9559
