      50.0000       2282.8363
      51.0000       2345.7991
      52.0000       2411.1449
      53.0000       2479.1449
      54.0000       2550.1084
      55.0000       2624.3888
      56.0000       2702.3940
      57.0000       2784.5954
      58.0000       2871.5446
      59.0000       2963.8882
      60.0000       3062.3958
      61.0000       3167.9845
      62.0000       3281.7648
      63.0000       3405.0922
      64.0000       3539.6452
      65.0000       3687.5283
      66.0000       3851.4245
      67.0000       4034.8220
      68.0000       4242.3459
      69.0000       4480.2970
      70.0000       4757.5114
      71.0000       5086.8586
      72.0000       5487.9591
      73.0000       5992.5664
