    500       0.0      30.0   0.1 0.287  1 90.0
   2.99999993E-02              NaN
   8.99999961E-02   32.9398804    
  0.149999991       33.2131271    
  0.209999993       32.8799896    
  0.269999981       30.9898396    
  0.329999983       18.7926331    
  0.389999986       9.35348129    
  0.449999988       3.85312748    
  0.509999990       3.00328374    
  0.569999933       2.43808627    
  0.629999936       2.01105595    
  0.689999938       1.68120122    
  0.749999940       1.41901255    
  0.809999943       1.20866454    
  0.869999945       1.03664291    
  0.929999948      0.895673454    
  0.989999950      0.768490374    
   1.04999995      0.669969141    
   1.10999990      0.583287179    
   1.16999996      0.514811933    
   1.22999990      0.455569237    
   1.28999996      0.403229177    
   1.34999990      0.359080851    
   1.40999997      0.320522964    
   1.46999991      0.288136303    
   1.52999997      0.260131806    
   1.58999991      0.235081166    
   1.64999998      0.211899027    
   1.70999992      0.189029366    
   1.76999998      0.170197919    
   1.82999992      0.155150682    
   1.88999999      0.139684930    
   1.94999993      0.128080308    
   2.00999999      0.117684714    
   2.06999993      0.108649470    
   2.12999988      0.101065896    
   2.18999982       9.20296609E-02
   2.25000000       8.44873637E-02
   2.30999994       7.77326375E-02
   2.36999989       7.09758475E-02
   2.42999983       6.64400682E-02
   2.49000001       6.10660948E-02
   2.54999995       5.70588298E-02
   2.60999990       5.36449850E-02
   2.66999984       4.92113754E-02
   2.73000002       4.41898853E-02
   2.78999996       4.13917340E-02
   2.84999990       3.82493809E-02
   2.90999985       3.53452489E-02
   2.96999979       3.35507505E-02
   3.02999997       3.06672156E-02
   3.08999991       2.88797822E-02
   3.14999986       2.79408656E-02
   3.20999980       2.52746046E-02
   3.26999998       2.40223333E-02
   3.32999992       2.20035929E-02
   3.38999987       2.00257599E-02
   3.44999981       1.91569980E-02
   3.50999999       1.83075629E-02
   3.56999993       1.78642366E-02
   3.62999988       1.57917850E-02
   3.68999982       1.54116852E-02
   3.75000000       1.44170010E-02
   3.80999994       1.26032168E-02
   3.86999989       1.14831766E-02
   3.92999983       1.13554951E-02
   3.98999977       1.04785925E-02
   4.05000019       1.09719895E-02
   4.11000013       1.01696597E-02
   4.17000008       1.06411949E-02
   4.23000002       1.07943807E-02
   4.28999996       1.05623370E-02
   4.34999990       1.09762345E-02
   4.41000032       1.04479557E-02
   4.47000027       1.08561739E-02
   4.53000021       1.07047418E-02
   4.59000015       1.12068411E-02
   4.65000010       1.05030918E-02
   4.71000004       1.12205790E-02
   4.76999998       1.11143636E-02
   4.82999992       1.07662845E-02
   4.88999987       1.06919166E-02
   4.95000029       1.01535385E-02
   5.01000023       9.63677187E-03
   5.07000017       1.02279186E-02
   5.13000011       9.27170832E-03
   5.19000006       8.17135535E-03
   5.25000000       7.98280258E-03
   5.30999994       7.99087342E-03
   5.36999989       7.35265482E-03
   5.43000031       7.09903054E-03
   5.49000025       6.35601720E-03
   5.55000019       6.47188118E-03
   5.61000013       5.75893419E-03
   5.67000008       6.53931545E-03
   5.73000002       5.34630055E-03
   5.78999996       5.31587796E-03
   5.84999990       5.81649505E-03
   5.90999985       4.77868831E-03
   5.97000027       4.77623567E-03
   6.03000021       4.90207272E-03
   6.09000015       4.48767934E-03
   6.15000010       4.33768192E-03
   6.21000004       4.21570614E-03
   6.26999998       4.06925380E-03
   6.32999992       3.92439822E-03
   6.38999987       3.83591815E-03
   6.45000029       3.53624462E-03
   6.51000023       3.55524546E-03
   6.57000017       3.56782391E-03
   6.63000011       3.43570462E-03
   6.69000006       3.08963656E-03
   6.75000000       2.74856389E-03
   6.80999994       2.94495514E-03
   6.86999989       2.96108518E-03
   6.92999983       2.67456938E-03
   6.99000025       2.68498342E-03
   7.05000019       2.38010380E-03
   7.11000013       2.23244773E-03
   7.17000008       2.63900822E-03
   7.23000002       2.27779499E-03
   7.28999996       1.96806085E-03
   7.34999990       1.99186243E-03
   7.40999985       2.42184009E-03
   7.47000027       2.06945511E-03
   7.53000021       1.69745926E-03
   7.59000015       2.05853744E-03
   7.65000010       2.19948567E-03
   7.71000004       1.51096995E-03
   7.76999998       1.83576497E-03
   7.82999992       1.68100616E-03
   7.88999987       1.72773923E-03
   7.94999981       1.65754405E-03
   8.01000023       1.32947846E-03
   8.06999969       1.51514984E-03
   8.12999916       1.95045501E-03
   8.18999958       1.40568416E-03
   8.25000000       1.33856421E-03
   8.30999947       1.05313165E-03
   8.36999989       1.34801876E-03
   8.42999935       1.25294703E-03
   8.48999977       1.42745127E-03
   8.54999924       1.14502443E-03
   8.60999966       1.05938769E-03
   8.66999912       1.04679470E-03
   8.72999954       1.05936790E-03
   8.78999996       1.14853750E-03
   8.84999943       9.48455825E-04
   8.90999985       8.85414949E-04
   8.96999931       1.11376238E-03
   9.02999973       1.05872704E-03
   9.08999920       9.61534330E-04
   9.14999962       1.40948896E-03
   9.20999908       7.77346664E-04
   9.26999950       6.26885507E-04
   9.32999992       9.60728852E-04
   9.38999939       6.17010170E-04
   9.44999981       7.27694249E-04
   9.50999928       7.90992402E-04
   9.56999969       9.86038940E-04
   9.62999916       9.81313991E-04
   9.68999958       5.26638585E-04
   9.74999905       6.30633614E-04
   9.80999947       9.17673344E-04
   9.86999989       6.13950600E-04
   9.92999935       6.76354917E-04
   9.98999977       8.78695631E-04
   10.0499992       5.72685618E-04
   10.1099997       7.13812187E-04
   10.1699991       4.32420522E-04
   10.2299995       4.92278836E-04
   10.2900000       5.71997429E-04
   10.3499994       6.67573710E-04
   10.4099998       5.06989658E-04
   10.4699993       5.45588555E-04
   10.5299997       4.92682215E-04
   10.5899992       5.94459125E-04
   10.6499996       6.42431260E-04
   10.7099991       4.49207146E-04
   10.7699995       3.44299711E-04
   10.8299999       3.60715319E-04
   10.8899994       5.05463919E-04
   10.9499998       5.97652805E-04
   11.0099993       3.63502535E-04
   11.0699997       4.54658148E-04
   11.1299992       3.42510146E-04
   11.1899996       4.36657370E-04
   11.2499990       6.40705810E-04
   11.3099995       5.53775171E-04
   11.3699999       3.59791680E-04
   11.4299994       4.39764437E-04
   11.4899998       3.95161827E-04
   11.5499992       3.59085738E-04
   11.6099997       2.13363805E-04
   11.6699991       3.51702212E-04
   11.7299995       3.82955594E-04
   11.7899990       3.75966541E-04
   11.8499994       2.90300028E-04
   11.9099998       2.88265001E-04
   11.9699993       3.48010653E-04
   12.0299997       4.38627496E-04
   12.0899992       4.11789078E-04
   12.1499996       2.42331633E-04
   12.2099991       3.55254306E-04
   12.2699995       1.74446293E-04
   12.3299999       2.09701611E-04
   12.3899994       2.29916142E-04
   12.4499998       1.96945417E-04
   12.5099993       2.87798990E-04
   12.5699997       1.72353379E-04
   12.6299992       3.68258654E-04
   12.6899996       3.77888937E-04
   12.7499990       1.97758200E-04
   12.8099995       2.49887438E-04
   12.8699999       4.35505848E-04
   12.9299994       1.67885708E-04
   12.9899998       3.29633884E-04
   13.0499992       2.74318591E-04
   13.1099997       1.45459810E-04
   13.1699991       2.83552567E-04
   13.2299995       1.89580445E-04
   13.2899990       2.45738716E-04
   13.3499994       1.62355049E-04
   13.4099998       1.84886754E-04
   13.4699993       1.51576474E-04
   13.5299997       7.28109153E-05
   13.5899992       3.14229139E-04
   13.6499996       1.86084551E-04
   13.7099991       1.93959160E-04
   13.7699995       1.74744724E-04
   13.8299990       5.70923185E-05
   13.8899994       2.33565253E-04
   13.9499998       1.94330190E-04
   14.0099993       2.33472616E-04
   14.0699997       3.63660598E-04
   14.1299992       9.94441798E-05
   14.1899996       2.06007069E-04
   14.2499990       2.16947694E-04
   14.3099995       1.59230665E-04
   14.3699999       4.57058195E-05
   14.4299994       1.83978394E-04
   14.4899998       7.29383100E-05
   14.5499992       2.19577370E-04
   14.6099997       1.84797100E-04
   14.6699991       1.08451830E-04
   14.7299995       1.34804461E-04
   14.7899990       1.77805159E-05
   14.8499994       8.39081549E-05
   14.9099998       2.48199067E-04
   14.9699993       1.70394225E-04
   15.0299997       1.20020377E-04
   15.0899992       1.71405612E-04
   15.1499996       8.48140335E-05
   15.2099991       1.86738907E-04
   15.2699995       5.74418700E-05
   15.3299990       9.57030497E-05
   15.3899994       1.51681394E-04
   15.4499998       9.50179965E-05
   15.5099993       1.83110198E-04
   15.5699997       6.62001694E-05
   15.6299992       8.31510479E-05
   15.6899996       9.37808654E-05
   15.7499990       1.52273540E-04
   15.8099995       1.30228538E-04
   15.8699989       1.41772034E-04
   15.9299994       8.02554496E-05
   15.9899998       3.75012605E-05
   16.0500011       8.37512380E-06
   16.1100006       1.44804857E-04
   16.1700001       6.30788418E-05
   16.2299995       6.39680002E-05
   16.2900009       1.84273784E-04
   16.3500004       1.72906031E-04
   16.4099998       1.97109344E-04
   16.4700012       6.26347828E-05
   16.5300007       9.71444533E-05
   16.5900002       1.05589308E-04
   16.6499996       2.34442821E-04
   16.7100010       8.57532868E-05
   16.7700005       4.94931010E-05
   16.8299999       6.58744902E-05
   16.8899994       3.68004003E-05
   16.9500008       3.61599268E-05
   17.0100002       2.70545806E-05
   17.0699997       1.86661091E-05
   17.1300011       5.23049530E-05
   17.1900005       3.28511742E-05
   17.2500000       4.59392286E-05
   17.3099995       5.33278617E-05
   17.3700008       4.80410054E-05
   17.4300003       3.97912481E-05
   17.4899998       2.31601043E-05
   17.5500011       2.34401869E-05
   17.6100006       1.68864746E-04
   17.6700001       2.90050721E-05
   17.7299995       9.35802746E-05
   17.7900009       1.53953195E-04
   17.8500004       5.24002280E-05
   17.9099998       1.36231638E-05
   17.9700012       1.85558304E-06
   18.0300007       8.65975526E-05
   18.0900002       5.29260869E-05
   18.1499996       3.05002613E-05
   18.2100010       1.13629567E-05
   18.2700005       3.76351709E-05
   18.3299999       3.32219861E-05
   18.3899994       3.46531742E-05
   18.4500008       6.29154965E-05
   18.5100002       3.21343759E-05
   18.5699997       1.31835041E-04
   18.6300011       2.18929461E-04
   18.6900005       2.90218304E-05
   18.7500000       3.21417465E-05
   18.8099995       1.62624019E-05
   18.8700008       2.12422237E-05
   18.9300003       6.11062860E-05
   18.9899998       3.12909142E-05
   19.0500011       5.22162627E-05
   19.1100006       5.58776883E-05
   19.1700001       1.16214884E-04
   19.2299995       1.16414012E-04
   19.2900009       1.34490219E-05
   19.3500004       1.96420497E-05
   19.4099998       5.88614648E-06
   19.4699993       1.52952023E-04
   19.5300007       9.81063931E-05
   19.5900002       2.57563983E-07
   19.6499996       1.18713560E-05
   19.7100010       1.25006545E-05
   19.7700005       1.44631358E-05
   19.8299999       1.69952200E-05
   19.8899994       1.31105196E-06
   19.9500008       2.19702106E-05
   20.0100002       6.15026420E-06
   20.0699997       6.49200456E-06
   20.1300011       1.40068532E-05
   20.1900005       1.45716137E-06
   20.2500000       1.27193771E-05
   20.3099995       2.37802669E-05
   20.3700008       7.44481531E-06
   20.4300003       2.62565445E-05
   20.4899998       3.62610285E-06
   20.5500011       4.75308070E-06
   20.6100006       9.15461169E-06
   20.6700001       1.11954492E-07
   20.7299995       8.55491180E-06
   20.7900009       9.47520675E-06
   20.8500004       1.36450108E-05
   20.9099998       1.47904548E-05
   20.9699993       1.33827389E-05
   21.0300007       5.55516124E-07
   21.0900002       1.73917560E-05
   21.1499996       3.84960731E-06
   21.2100010       1.03100474E-05
   21.2700005       2.15595501E-05
   21.3299999       3.23896870E-06
   21.3899994       8.84938345E-06
   21.4500008       2.16935223E-05
   21.5100002       1.94952509E-06
   21.5699997       7.34048569E-07
   21.6300011       1.20614868E-05
   21.6900005       2.31976574E-05
   21.7500000       2.44152602E-06
   21.8099995       1.19042500E-06
   21.8700008       5.44854345E-07
   21.9300003       1.36165227E-05
   21.9899998       2.03909512E-05
   22.0500011       1.07950573E-05
   22.1100006       1.03931870E-05
   22.1700001       1.35962053E-09
   22.2299995       1.23649670E-05
   22.2900009       4.51461887E-07
   22.3500004       9.91135494E-06
   22.4099998       1.18637126E-05
   22.4699993       1.30032743E-06
   22.5300007       3.04143236E-06
   22.5900002       1.04639703E-05
   22.6499996       1.15879557E-05
   22.7100010       2.05328024E-06
   22.7700005       1.00141397E-05
   22.8299999       2.86108184E-06
   22.8899994       7.83272203E-09
   22.9500008       4.37893233E-09
   23.0100002       1.40085524E-06
   23.0699997       1.47128810E-06
   23.1300011       1.33246090E-06
   23.1900005       8.03111163E-07
   23.2500000       1.27317799E-06
   23.3099995       6.28940086E-07
   23.3700008       2.23169354E-06
   23.4300003       8.83403629E-07
   23.4899998       7.32211163E-07
   23.5499992       1.27928523E-09
   23.6100006       2.37444926E-08
   23.6700001       7.30963677E-07
   23.7299995       2.84116118E-06
   23.7900009       1.56860460E-06
   23.8500004       1.62524955E-07
   23.9099998       1.88855256E-06
   23.9699993       1.68928534E-06
   24.0300007       1.55533633E-06
   24.0900002       4.40015180E-09
   24.1499996       0.00000000    
   24.2100010       1.31901308E-08
   24.2700005       1.68133090E-06
   24.3299999       8.49350840E-07
   24.3899994       3.56272062E-06
   24.4500008       7.56677537E-07
   24.5100002       1.12508974E-06
   24.5699997       1.60175614E-06
   24.6300011       6.35520337E-07
   24.6900005       6.61564627E-07
   24.7500000       9.97984557E-07
   24.8099995       8.22958611E-07
   24.8700008       1.59828983E-06
   24.9300003       2.84462960E-08
   24.9899998       4.04985667E-06
   25.0499992       6.90503100E-07
   25.1100006       1.52930486E-08
   25.1700001       1.19574520E-06
   25.2299995       1.37619531E-06
   25.2900009       6.95110259E-07
   25.3500004       6.55399674E-07
   25.4099998       4.32266667E-09
   25.4699993       8.93244476E-07
   25.5300007       2.48417018E-06
   25.5900002       1.57168165E-06
   25.6499996       1.38517726E-06
   25.7100010       3.92941892E-08
   25.7700005       0.00000000    
   25.8299999       1.53296284E-07
   25.8899994       1.06678260E-06
   25.9500008       8.55743622E-07
   26.0100002       1.66247241E-06
   26.0699997       9.37747814E-07
   26.1299992       2.49794266E-06
   26.1900005       2.83210095E-08
   26.2500000       7.00010730E-07
   26.3099995       7.65923517E-07
   26.3700008       9.17576756E-07
   26.4300003       4.38657333E-09
   26.4899998       1.02781758E-06
   26.5499992       1.14131421E-06
   26.6100006       7.98553458E-07
   26.6700001       1.87280466E-06
   26.7299995       2.63371771E-06
   26.7900009       5.38048994E-10
   26.8500004       7.01200634E-07
   26.9099998       8.15118085E-07
   26.9699993       8.24127994E-07
   27.0300007       9.91884122E-07
   27.0900002       4.03975662E-08
   27.1499996       1.28796228E-06
   27.2100010       2.08505753E-07
   27.2700005       2.44649846E-06
   27.3299999       2.93722837E-06
   27.3899994       8.38367043E-07
   27.4500008       7.44574209E-07
   27.5100002       8.51579159E-07
   27.5699997       1.03182424E-06
   27.6299992       1.55449058E-08
   27.6900005       0.00000000    
   27.7500000       1.01288060E-06
   27.8099995       2.36729852E-06
   27.8700008       2.68246345E-06
   27.9300003       8.96429981E-07
   27.9899998       0.00000000    
   28.0499992       7.59491797E-07
   28.1100006       6.14155908E-08
   28.1700001       7.99586417E-07
   28.2299995       0.00000000    
   28.2900009       1.73340436E-06
   28.3500004       1.14189426E-07
   28.4099998       1.44485762E-06
   28.4699993       1.11682357E-06
   28.5300007       7.79882214E-07
   28.5900002       1.64275616E-06
   28.6499996       9.77369723E-07
   28.7100010       4.99600645E-08
   28.7700005       1.67146698E-06
   28.8299999       3.26395657E-08
   28.8899994       0.00000000    
   28.9500008       0.00000000    
   29.0100002       1.39939641E-06
   29.0699997       2.28789031E-06
   29.1299992       8.37021844E-07
   29.1900005       1.74430932E-06
   29.2500000       8.63660318E-07
   29.3099995       5.20413863E-08
   29.3700008       8.77021989E-07
   29.4300003       1.00892419E-06
   29.4899998       5.61234437E-09
   29.5499992       0.00000000    
   29.6100006       1.62892468E-06
   29.6700001       1.15247860E-06
   29.7299995       3.64709194E-06
   29.7900009       1.00767784E-06
   29.8500004       0.00000000    
   29.9099998       1.05502593E-08
   29.9699993       9.11413053E-07
