 input data file=:(grid.plt:N)
grid.plt34.mod      
  output data file=:
output_data2        
  output summary file=:
output_summary2     
  nondimensional time tau=:   2.99999993E-02
  non-dim  xrmin=,xrmax=,delxr=:   0.00000000       1.00000000       9.99999978E-03
  number of grid points in theta=, phi=:         100          50
  nvmax,vmin,vmax,delv,tau,ninc,(aid(ni),ni=1,ninc)
        8001   0.00000000       8000000.00       1000.00000       2.99999993E-02           1   50.0000000    
  vz,delm,xr,theta,phi,ro,ur,utheta,uphi,dvol
    0.000       0.000      0.1000E-01   3.142       0.000       0.000       0.000       0.000       0.000    
    0.000    
    0.000       0.000      0.2000E-01   3.142       0.000       0.000       0.000       0.000       0.000    
    0.000    
    0.000       0.000      0.3000E-01   3.142       0.000       0.000       0.000       0.000       0.000    
    0.000    
    0.000       0.000      0.4000E-01   3.142       0.000       0.000       0.000       0.000       0.000    
    0.000    
    0.000       0.000      0.5000E-01   3.142       0.000       0.000       0.000       0.000       0.000    
    0.000    
    0.000       0.000      0.6000E-01   3.142       0.000       0.000       0.000       0.000       0.000    
    0.000    
    0.000       0.000      0.7000E-01   3.142       0.000       0.000       0.000       0.000       0.000    
    0.000    
    0.000       0.000      0.8000E-01   3.142       0.000       0.000       0.000       0.000       0.000    
    0.000    
    0.000       0.000      0.9000E-01   3.142       0.000       0.000       0.000       0.000       0.000    
    0.000    
    0.000       0.000      0.1000       3.142       0.000       0.000       0.000       0.000       0.000    
    0.000    
    0.000       0.000      0.1100       3.142       0.000       0.000       0.000       0.000       0.000    
    0.000    
    0.000       0.000      0.1200       3.142       0.000       0.000       0.000       0.000       0.000    
    0.000    
    0.000       0.000      0.1300       3.142       0.000       0.000       0.000       0.000       0.000    
    0.000    
    0.000       0.000      0.1400       3.142       0.000       0.000       0.000       0.000       0.000    
    0.000    
    0.000       0.000      0.1500       3.142       0.000       0.000       0.000       0.000       0.000    
    0.000    
    0.000       0.000      0.1600       3.142       0.000       0.000       0.000       0.000       0.000    
    0.000    
    0.000       0.000      0.1700       3.142       0.000       0.000       0.000       0.000       0.000    
    0.000    
    0.000       0.000      0.1800       3.142       0.000       0.000       0.000       0.000       0.000    
    0.000    
    0.000       0.000      0.1900       3.142       0.000       0.000       0.000       0.000       0.000    
    0.000    
    0.000       0.000      0.2000       3.142       0.000       0.000       0.000       0.000       0.000    
    0.000    
    0.000       0.000      0.2100       3.142       0.000       0.000       0.000       0.000       0.000    
    0.000    
    0.000       0.000      0.2200       3.142       0.000       0.000       0.000       0.000       0.000    
    0.000    
    0.000       0.000      0.2300       3.142       0.000       0.000       0.000       0.000       0.000    
    0.000    
    0.000       0.000      0.2400       3.142       0.000       0.000       0.000       0.000       0.000    
    0.000    
    0.000       0.000      0.2500       3.142       0.000       0.000       0.000       0.000       0.000    
    0.000    
    0.000       0.000      0.2600       3.142       0.000       0.000       0.000       0.000       0.000    
    0.000    
    0.000       0.000      0.2700       3.142       0.000       0.000       0.000       0.000       0.000    
    0.000    
    0.000       0.000      0.2800       3.142       0.000       0.000       0.000       0.000       0.000    
    0.000    
    0.000       0.000      0.2900       3.142       0.000       0.000       0.000       0.000       0.000    
    0.000    
    0.000       0.000      0.3000       3.142       0.000       0.000       0.000       0.000       0.000    
    0.000    
    0.000       0.000      0.3100       3.142       0.000       0.000       0.000       0.000       0.000    
    0.000    
    0.000       0.000      0.3200       3.142       0.000       0.000       0.000       0.000       0.000    
    0.000    
    0.000       0.000      0.3300       3.142       0.000       0.000       0.000       0.000       0.000    
    0.000    
    0.000       0.000      0.3400       3.142       0.000       0.000       0.000       0.000       0.000    
    0.000    
    0.000       0.000      0.3500       3.142       0.000       0.000       0.000       0.000       0.000    
    0.000    
    0.000       0.000      0.3600       3.142       0.000       0.000       0.000       0.000       0.000    
    0.000    
    0.000       0.000      0.3700       3.142       0.000       0.000       0.000       0.000       0.000    
    0.000    
    0.000       0.000      0.3800       3.142       0.000       0.000       0.000       0.000       0.000    
    0.000    
    0.000       0.000      0.3900       3.142       0.000       0.000       0.000       0.000       0.000    
    0.000    
    0.000       0.000      0.4000       3.142       0.000       0.000       0.000       0.000       0.000    
    0.000    
    0.000       0.000      0.4100       3.142       0.000       0.000       0.000       0.000       0.000    
    0.000    
    0.000       0.000      0.4200       3.142       0.000       0.000       0.000       0.000       0.000    
    0.000    
    0.000       0.000      0.4300       3.142       0.000       0.000       0.000       0.000       0.000    
    0.000    
    0.000       0.000      0.4400       3.142       0.000       0.000       0.000       0.000       0.000    
    0.000    
    0.000       0.000      0.4500       3.142       0.000       0.000       0.000       0.000       0.000    
    0.000    
    0.000       0.000      0.4600       3.142       0.000       0.000       0.000       0.000       0.000    
    0.000    
    0.000       0.000      0.4700       3.142       0.000       0.000       0.000       0.000       0.000    
    0.000    
    0.000       0.000      0.4800       3.142       0.000       0.000       0.000       0.000       0.000    
    0.000    
    0.000       0.000      0.4900       3.142       0.000       0.000       0.000       0.000       0.000    
    0.000    
    0.000       0.000      0.5000       3.142       0.000       0.000       0.000       0.000       0.000    
    0.000    
    0.000       0.000      0.5100       3.142       0.000       0.000       0.000       0.000       0.000    
    0.000    
    0.000       0.000      0.5200       3.142       0.000       0.000       0.000       0.000       0.000    
    0.000    
    0.000       0.000      0.5300       3.142       0.000       0.000       0.000       0.000       0.000    
    0.000    
    0.000       0.000      0.5400       3.142       0.000       0.000       0.000       0.000       0.000    
    0.000    
    0.000       0.000      0.5500       3.142       0.000       0.000       0.000       0.000       0.000    
    0.000    
    0.000       0.000      0.5600       3.142       0.000       0.000       0.000       0.000       0.000    
    0.000    
    0.000       0.000      0.5700       3.142       0.000       0.000       0.000       0.000       0.000    
    0.000    
    0.000       0.000      0.5800       3.142       0.000       0.000       0.000       0.000       0.000    
    0.000    
    0.000       0.000      0.5900       3.142       0.000       0.000       0.000       0.000       0.000    
    0.000    
    0.000       0.000      0.6000       3.142       0.000       0.000       0.000       0.000       0.000    
    0.000    
    0.000       0.000      0.6100       3.142       0.000       0.000       0.000       0.000       0.000    
    0.000    
    0.000       0.000      0.6200       3.142       0.000       0.000       0.000       0.000       0.000    
    0.000    
    0.000       0.000      0.6300       3.142       0.000       0.000       0.000       0.000       0.000    
    0.000    
    0.000       0.000      0.6400       3.142       0.000       0.000       0.000       0.000       0.000    
    0.000    
    0.000       0.000      0.6500       3.142       0.000       0.000       0.000       0.000       0.000    
    0.000    
    0.000       0.000      0.6600       3.142       0.000       0.000       0.000       0.000       0.000    
    0.000    
    0.000       0.000      0.6700       3.142       0.000       0.000       0.000       0.000       0.000    
    0.000    
    0.000       0.000      0.6800       3.142       0.000       0.000       0.000       0.000       0.000    
    0.000    
    0.000       0.000      0.6900       3.142       0.000       0.000       0.000       0.000       0.000    
    0.000    
    0.000       0.000      0.7000       3.142       0.000       0.000       0.000       0.000       0.000    
    0.000    
    0.000       0.000      0.7100       3.142       0.000       0.000       0.000       0.000       0.000    
    0.000    
    0.000       0.000      0.7200       3.142       0.000       0.000       0.000       0.000       0.000    
    0.000    
    0.000       0.000      0.7300       3.142       0.000       0.000       0.000       0.000       0.000    
    0.000    
    0.000       0.000      0.7400       3.142       0.000       0.000       0.000       0.000       0.000    
    0.000    
    0.000       0.000      0.7500       3.142       0.000       0.000       0.000       0.000       0.000    
    0.000    
    0.000       0.000      0.7600       3.142       0.000       0.000       0.000       0.000       0.000    
    0.000    
    0.000       0.000      0.7700       3.142       0.000       0.000       0.000       0.000       0.000    
    0.000    
    0.000       0.000      0.7800       3.142       0.000       0.000       0.000       0.000       0.000    
    0.000    
    0.000       0.000      0.7900       3.142       0.000       0.000       0.000       0.000       0.000    
    0.000    
    0.000       0.000      0.8000       3.142       0.000       0.000       0.000       0.000       0.000    
    0.000    
    0.000       0.000      0.8100       3.142       0.000       0.000       0.000       0.000       0.000    
    0.000    
    0.000       0.000      0.8200       3.142       0.000       0.000       0.000       0.000       0.000    
    0.000    
    0.000       0.000      0.8300       3.142       0.000       0.000       0.000       0.000       0.000    
    0.000    
    0.000       0.000      0.8400       3.142       0.000       0.000       0.000       0.000       0.000    
    0.000    
    0.000       0.000      0.8500       3.142       0.000       0.000       0.000       0.000       0.000    
    0.000    
    0.000       0.000      0.8600       3.142       0.000       0.000       0.000       0.000       0.000    
    0.000    
    0.000       0.000      0.8700       3.142       0.000       0.000       0.000       0.000       0.000    
    0.000    
    0.000       0.000      0.8800       3.142       0.000       0.000       0.000       0.000       0.000    
    0.000    
    0.000       0.000      0.8900       3.142       0.000       0.000       0.000       0.000       0.000    
    0.000    
    0.000       0.000      0.9000       3.142       0.000       0.000       0.000       0.000       0.000    
    0.000    
    0.000       0.000      0.9100       3.142       0.000       0.000       0.000       0.000       0.000    
    0.000    
    0.000       0.000      0.9200       3.142       0.000       0.000       0.000       0.000       0.000    
    0.000    
    0.000       0.000      0.9300       3.142       0.000       0.000       0.000       0.000       0.000    
    0.000    
    0.000       0.000      0.9400       3.142       0.000       0.000       0.000       0.000       0.000    
    0.000    
    0.000       0.000      0.9500       3.142       0.000       0.000       0.000       0.000       0.000    
    0.000    
    0.000       0.000      0.9600       3.142       0.000       0.000       0.000       0.000       0.000    
