   8001       0.0 8000000.01000.0 0.030  1 50.0
   0.00000000       0.00000000    
   1000.00000       0.00000000    
   2000.00000       0.00000000    
   3000.00000       0.00000000    
   4000.00000       0.00000000    
   5000.00000       0.00000000    
   6000.00000       0.00000000    
   7000.00000       0.00000000    
   8000.00000       0.00000000    
   9000.00000       0.00000000    
   10000.0000       0.00000000    
   11000.0000       0.00000000    
   12000.0000       0.00000000    
   13000.0000       0.00000000    
   14000.0000       0.00000000    
   15000.0000       0.00000000    
   16000.0000       0.00000000    
   17000.0000       0.00000000    
   18000.0000       0.00000000    
   19000.0000       0.00000000    
   20000.0000       0.00000000    
   21000.0000       0.00000000    
   22000.0000       0.00000000    
   23000.0000       0.00000000    
   24000.0000       0.00000000    
   25000.0000       0.00000000    
   26000.0000       0.00000000    
   27000.0000       0.00000000    
   28000.0000       0.00000000    
   29000.0000       0.00000000    
   30000.0000       0.00000000    
   31000.0000       0.00000000    
   32000.0000       0.00000000    
   33000.0000       0.00000000    
   34000.0000       0.00000000    
   35000.0000       0.00000000    
   36000.0000       0.00000000    
   37000.0000       0.00000000    
   38000.0000       0.00000000    
   39000.0000       0.00000000    
   40000.0000       0.00000000    
   41000.0000       0.00000000    
   42000.0000       0.00000000    
   43000.0000       0.00000000    
   44000.0000       0.00000000    
   45000.0000       0.00000000    
   46000.0000       0.00000000    
   47000.0000       0.00000000    
   48000.0000       0.00000000    
   49000.0000       0.00000000    
   50000.0000       0.00000000    
   51000.0000       0.00000000    
   52000.0000       0.00000000    
   53000.0000       0.00000000    
   54000.0000       0.00000000    
   55000.0000       0.00000000    
   56000.0000       0.00000000    
   57000.0000       0.00000000    
   58000.0000       0.00000000    
   59000.0000       0.00000000    
   60000.0000       0.00000000    
   61000.0000       0.00000000    
   62000.0000       0.00000000    
   63000.0000       0.00000000    
   64000.0000       0.00000000    
   65000.0000       0.00000000    
   66000.0000       0.00000000    
   67000.0000       0.00000000    
   68000.0000       0.00000000    
   69000.0000       0.00000000    
   70000.0000       0.00000000    
   71000.0000       0.00000000    
   72000.0000       0.00000000    
   73000.0000       0.00000000    
   74000.0000       0.00000000    
   75000.0000       0.00000000    
   76000.0000       0.00000000    
   77000.0000       0.00000000    
   78000.0000       0.00000000    
   79000.0000       0.00000000    
   80000.0000       0.00000000    
   81000.0000       0.00000000    
   82000.0000       0.00000000    
   83000.0000       0.00000000    
   84000.0000       0.00000000    
   85000.0000       0.00000000    
   86000.0000       0.00000000    
   87000.0000       0.00000000    
   88000.0000       0.00000000    
   89000.0000       0.00000000    
   90000.0000       0.00000000    
   91000.0000       0.00000000    
   92000.0000       0.00000000    
   93000.0000       0.00000000    
   94000.0000       0.00000000    
   95000.0000       0.00000000    
   96000.0000       0.00000000    
   97000.0000       0.00000000    
   98000.0000       0.00000000    
   99000.0000       0.00000000    
   100000.000       0.00000000    
   101000.000       0.00000000    
   102000.000       0.00000000    
   103000.000       0.00000000    
   104000.000       0.00000000    
   105000.000       0.00000000    
   106000.000       0.00000000    
   107000.000       0.00000000    
   108000.000       0.00000000    
   109000.000       0.00000000    
   110000.000       0.00000000    
   111000.000       0.00000000    
   112000.000       0.00000000    
   113000.000       0.00000000    
   114000.000       0.00000000    
   115000.000       0.00000000    
   116000.000       0.00000000    
   117000.000       0.00000000    
   118000.000       0.00000000    
   119000.000       0.00000000    
   120000.000       0.00000000    
   121000.000       0.00000000    
   122000.000       0.00000000    
   123000.000       0.00000000    
   124000.000       0.00000000    
   125000.000       0.00000000    
   126000.000       0.00000000    
   127000.000       0.00000000    
   128000.000       0.00000000    
   129000.000       0.00000000    
   130000.000       0.00000000    
   131000.000       0.00000000    
   132000.000       0.00000000    
   133000.000       0.00000000    
   134000.000       0.00000000    
   135000.000       0.00000000    
   136000.000       0.00000000    
   137000.000       0.00000000    
   138000.000       0.00000000    
   139000.000       0.00000000    
   140000.000       0.00000000    
   141000.000       0.00000000    
   142000.000       0.00000000    
   143000.000       0.00000000    
   144000.000       0.00000000    
   145000.000       0.00000000    
   146000.000       0.00000000    
   147000.000       0.00000000    
   148000.000       0.00000000    
   149000.000       0.00000000    
   150000.000       0.00000000    
   151000.000       0.00000000    
   152000.000       0.00000000    
   153000.000       0.00000000    
   154000.000       0.00000000    
   155000.000       0.00000000    
   156000.000       0.00000000    
   157000.000       0.00000000    
   158000.000       0.00000000    
   159000.000       0.00000000    
   160000.000       0.00000000    
   161000.000       0.00000000    
   162000.000       0.00000000    
   163000.000       0.00000000    
   164000.000       0.00000000    
   165000.000       0.00000000    
   166000.000       0.00000000    
   167000.000       0.00000000    
   168000.000       0.00000000    
   169000.000       0.00000000    
   170000.000       0.00000000    
   171000.000       0.00000000    
   172000.000       0.00000000    
   173000.000       0.00000000    
   174000.000       0.00000000    
   175000.000       0.00000000    
   176000.000       0.00000000    
   177000.000       0.00000000    
   178000.000       0.00000000    
   179000.000       0.00000000    
   180000.000       0.00000000    
   181000.000       0.00000000    
   182000.000       0.00000000    
   183000.000       0.00000000    
   184000.000       0.00000000    
   185000.000       0.00000000    
   186000.000       0.00000000    
   187000.000       0.00000000    
   188000.000       0.00000000    
   189000.000       0.00000000    
   190000.000       0.00000000    
   191000.000       0.00000000    
   192000.000       0.00000000    
   193000.000       0.00000000    
   194000.000       0.00000000    
   195000.000       0.00000000    
   196000.000       0.00000000    
   197000.000       0.00000000    
   198000.000       0.00000000    
   199000.000       0.00000000    
   200000.000       0.00000000    
   201000.000       0.00000000    
   202000.000       0.00000000    
   203000.000       0.00000000    
   204000.000       0.00000000    
   205000.000       0.00000000    
   206000.000       0.00000000    
   207000.000       0.00000000    
   208000.000       0.00000000    
   209000.000       0.00000000    
   210000.000       0.00000000    
   211000.000       0.00000000    
   212000.000       0.00000000    
   213000.000       0.00000000    
   214000.000       0.00000000    
   215000.000       0.00000000    
   216000.000       0.00000000    
   217000.000       0.00000000    
   218000.000       0.00000000    
   219000.000       0.00000000    
   220000.000       0.00000000    
   221000.000       0.00000000    
   222000.000       0.00000000    
   223000.000       0.00000000    
   224000.000       0.00000000    
   225000.000       0.00000000    
   226000.000       0.00000000    
   227000.000       0.00000000    
   228000.000       0.00000000    
   229000.000       0.00000000    
   230000.000       0.00000000    
   231000.000       0.00000000    
   232000.000       0.00000000    
   233000.000       0.00000000    
   234000.000       0.00000000    
   235000.000       0.00000000    
   236000.000       0.00000000    
   237000.000       0.00000000    
   238000.000       0.00000000    
   239000.000       0.00000000    
   240000.000       0.00000000    
   241000.000       0.00000000    
   242000.000       0.00000000    
   243000.000       0.00000000    
   244000.000       0.00000000    
   245000.000       0.00000000    
   246000.000       0.00000000    
   247000.000       0.00000000    
   248000.000       0.00000000    
   249000.000       0.00000000    
   250000.000       0.00000000    
   251000.000       0.00000000    
   252000.000       0.00000000    
   253000.000       0.00000000    
   254000.000       0.00000000    
   255000.000       0.00000000    
   256000.000       0.00000000    
   257000.000       0.00000000    
   258000.000       0.00000000    
   259000.000       0.00000000    
   260000.000       0.00000000    
   261000.000       0.00000000    
   262000.000       0.00000000    
   263000.000       0.00000000    
   264000.000       0.00000000    
   265000.000       0.00000000    
   266000.000       0.00000000    
   267000.000       0.00000000    
   268000.000       0.00000000    
   269000.000       0.00000000    
   270000.000       0.00000000    
   271000.000       0.00000000    
   272000.000       0.00000000    
   273000.000       0.00000000    
   274000.000       0.00000000    
   275000.000       0.00000000    
   276000.000       0.00000000    
   277000.000       0.00000000    
   278000.000       0.00000000    
   279000.000       0.00000000    
   280000.000       0.00000000    
   281000.000       0.00000000    
   282000.000       0.00000000    
   283000.000       0.00000000    
   284000.000       0.00000000    
   285000.000       0.00000000    
   286000.000       0.00000000    
   287000.000       0.00000000    
   288000.000       0.00000000    
   289000.000       0.00000000    
   290000.000       0.00000000    
   291000.000       0.00000000    
   292000.000       0.00000000    
   293000.000       0.00000000    
   294000.000       0.00000000    
   295000.000       0.00000000    
   296000.000       0.00000000    
   297000.000       0.00000000    
   298000.000       0.00000000    
   299000.000       0.00000000    
   300000.000       0.00000000    
   301000.000       0.00000000    
   302000.000       0.00000000    
   303000.000       0.00000000    
   304000.000       0.00000000    
   305000.000       0.00000000    
   306000.000       0.00000000    
   307000.000       0.00000000    
   308000.000       0.00000000    
   309000.000       0.00000000    
   310000.000       0.00000000    
   311000.000       0.00000000    
   312000.000       0.00000000    
   313000.000       0.00000000    
   314000.000       0.00000000    
   315000.000       0.00000000    
   316000.000       0.00000000    
   317000.000       0.00000000    
   318000.000       0.00000000    
   319000.000       0.00000000    
   320000.000       0.00000000    
   321000.000       0.00000000    
   322000.000       0.00000000    
   323000.000       0.00000000    
   324000.000       0.00000000    
   325000.000       0.00000000    
   326000.000       0.00000000    
   327000.000       0.00000000    
   328000.000       0.00000000    
   329000.000       0.00000000    
   330000.000       0.00000000    
   331000.000       0.00000000    
   332000.000       0.00000000    
   333000.000       0.00000000    
   334000.000       0.00000000    
   335000.000       0.00000000    
   336000.000       0.00000000    
   337000.000       0.00000000    
   338000.000       0.00000000    
   339000.000       0.00000000    
   340000.000       0.00000000    
   341000.000       0.00000000    
   342000.000       0.00000000    
   343000.000       0.00000000    
   344000.000       0.00000000    
   345000.000       0.00000000    
   346000.000       0.00000000    
   347000.000       0.00000000    
   348000.000       0.00000000    
   349000.000       0.00000000    
   350000.000       0.00000000    
   351000.000       0.00000000    
   352000.000       0.00000000    
   353000.000       0.00000000    
   354000.000       0.00000000    
   355000.000       0.00000000    
   356000.000       0.00000000    
   357000.000       0.00000000    
   358000.000       0.00000000    
   359000.000       0.00000000    
   360000.000       0.00000000    
   361000.000       0.00000000    
   362000.000       0.00000000    
   363000.000       0.00000000    
   364000.000       0.00000000    
   365000.000       0.00000000    
   366000.000       0.00000000    
   367000.000       0.00000000    
   368000.000       0.00000000    
   369000.000       0.00000000    
   370000.000       0.00000000    
   371000.000       0.00000000    
   372000.000       0.00000000    
   373000.000       0.00000000    
   374000.000       0.00000000    
   375000.000       0.00000000    
   376000.000       0.00000000    
   377000.000       0.00000000    
   378000.000       0.00000000    
   379000.000       0.00000000    
   380000.000       0.00000000    
   381000.000       0.00000000    
   382000.000       0.00000000    
   383000.000       0.00000000    
   384000.000       0.00000000    
   385000.000       0.00000000    
   386000.000       0.00000000    
   387000.000       0.00000000    
   388000.000       0.00000000    
   389000.000       0.00000000    
   390000.000       0.00000000    
   391000.000       0.00000000    
   392000.000       0.00000000    
   393000.000       0.00000000    
   394000.000       0.00000000    
   395000.000       0.00000000    
   396000.000       0.00000000    
   397000.000       0.00000000    
   398000.000       0.00000000    
   399000.000       0.00000000    
   400000.000       0.00000000    
   401000.000       0.00000000    
   402000.000       0.00000000    
   403000.000       0.00000000    
   404000.000       0.00000000    
   405000.000       0.00000000    
   406000.000       0.00000000    
   407000.000       0.00000000    
   408000.000       0.00000000    
   409000.000       0.00000000    
   410000.000       0.00000000    
   411000.000       0.00000000    
   412000.000       0.00000000    
   413000.000       0.00000000    
   414000.000       0.00000000    
   415000.000       0.00000000    
   416000.000       0.00000000    
   417000.000       0.00000000    
   418000.000       0.00000000    
   419000.000       0.00000000    
   420000.000       0.00000000    
   421000.000       0.00000000    
   422000.000       0.00000000    
   423000.000       0.00000000    
   424000.000       0.00000000    
   425000.000       0.00000000    
   426000.000       0.00000000    
   427000.000       0.00000000    
   428000.000       0.00000000    
   429000.000       0.00000000    
   430000.000       0.00000000    
   431000.000       0.00000000    
   432000.000       0.00000000    
   433000.000       0.00000000    
   434000.000       0.00000000    
   435000.000       0.00000000    
   436000.000       0.00000000    
   437000.000       0.00000000    
   438000.000       0.00000000    
   439000.000       0.00000000    
   440000.000       0.00000000    
   441000.000       0.00000000    
   442000.000       0.00000000    
   443000.000       0.00000000    
   444000.000       0.00000000    
   445000.000       0.00000000    
   446000.000       0.00000000    
   447000.000       0.00000000    
   448000.000       0.00000000    
   449000.000       0.00000000    
   450000.000       0.00000000    
   451000.000       0.00000000    
   452000.000       0.00000000    
   453000.000       0.00000000    
   454000.000       0.00000000    
   455000.000       0.00000000    
   456000.000       0.00000000    
   457000.000       0.00000000    
   458000.000       0.00000000    
   459000.000       0.00000000    
   460000.000       0.00000000    
   461000.000       0.00000000    
   462000.000       0.00000000    
   463000.000       0.00000000    
   464000.000       0.00000000    
   465000.000       0.00000000    
   466000.000       0.00000000    
   467000.000       0.00000000    
   468000.000       0.00000000    
   469000.000       0.00000000    
   470000.000       0.00000000    
   471000.000       0.00000000    
   472000.000       0.00000000    
   473000.000       0.00000000    
   474000.000       0.00000000    
   475000.000       0.00000000    
   476000.000       0.00000000    
   477000.000       0.00000000    
   478000.000       0.00000000    
   479000.000       0.00000000    
   480000.000       0.00000000    
   481000.000       0.00000000    
   482000.000       0.00000000    
   483000.000       0.00000000    
   484000.000       0.00000000    
   485000.000       0.00000000    
   486000.000       0.00000000    
   487000.000       0.00000000    
   488000.000       0.00000000    
   489000.000       0.00000000    
   490000.000       0.00000000    
   491000.000       0.00000000    
   492000.000       0.00000000    
   493000.000       0.00000000    
   494000.000       0.00000000    
   495000.000       0.00000000    
   496000.000       0.00000000    
   497000.000       0.00000000    
   498000.000       0.00000000    
   499000.000       0.00000000    
   500000.000       0.00000000    
   501000.000       0.00000000    
   502000.000       0.00000000    
   503000.000       0.00000000    
   504000.000       0.00000000    
   505000.000       0.00000000    
   506000.000       0.00000000    
   507000.000       0.00000000    
   508000.000       0.00000000    
   509000.000       0.00000000    
   510000.000       0.00000000    
   511000.000       0.00000000    
   512000.000       0.00000000    
   513000.000       0.00000000    
   514000.000       0.00000000    
   515000.000       0.00000000    
   516000.000       0.00000000    
   517000.000       0.00000000    
   518000.000       0.00000000    
   519000.000       0.00000000    
   520000.000       0.00000000    
   521000.000       0.00000000    
   522000.000       0.00000000    
   523000.000       0.00000000    
   524000.000       0.00000000    
   525000.000       0.00000000    
   526000.000       0.00000000    
   527000.000       0.00000000    
   528000.000       0.00000000    
   529000.000       0.00000000    
   530000.000       0.00000000    
   531000.000       0.00000000    
   532000.000       0.00000000    
   533000.000       0.00000000    
   534000.000       0.00000000    
   535000.000       0.00000000    
   536000.000       0.00000000    
   537000.000       0.00000000    
   538000.000       0.00000000    
   539000.000       0.00000000    
   540000.000       0.00000000    
   541000.000       0.00000000    
   542000.000       0.00000000    
   543000.000       0.00000000    
   544000.000       0.00000000    
   545000.000       0.00000000    
   546000.000       0.00000000    
   547000.000       0.00000000    
   548000.000       0.00000000    
   549000.000       0.00000000    
   550000.000       0.00000000    
   551000.000       0.00000000    
   552000.000       0.00000000    
   553000.000       0.00000000    
   554000.000       0.00000000    
   555000.000       0.00000000    
   556000.000       0.00000000    
   557000.000       0.00000000    
   558000.000       0.00000000    
   559000.000       0.00000000    
   560000.000       0.00000000    
   561000.000       0.00000000    
   562000.000       0.00000000    
   563000.000       0.00000000    
   564000.000       0.00000000    
   565000.000       0.00000000    
   566000.000       0.00000000    
   567000.000       0.00000000    
   568000.000       0.00000000    
   569000.000       0.00000000    
   570000.000       0.00000000    
   571000.000       0.00000000    
   572000.000       0.00000000    
   573000.000       0.00000000    
   574000.000       0.00000000    
   575000.000       0.00000000    
   576000.000       0.00000000    
   577000.000       0.00000000    
   578000.000       0.00000000    
   579000.000       0.00000000    
   580000.000       0.00000000    
   581000.000       0.00000000    
   582000.000       0.00000000    
   583000.000       0.00000000    
   584000.000       0.00000000    
   585000.000       0.00000000    
   586000.000       0.00000000    
   587000.000       0.00000000    
   588000.000       0.00000000    
   589000.000       0.00000000    
   590000.000       0.00000000    
   591000.000       0.00000000    
   592000.000       0.00000000    
   593000.000       0.00000000    
   594000.000       0.00000000    
   595000.000       0.00000000    
   596000.000       0.00000000    
   597000.000       0.00000000    
   598000.000       0.00000000    
   599000.000       0.00000000    
   600000.000       0.00000000    
   601000.000       0.00000000    
   602000.000       0.00000000    
   603000.000       0.00000000    
   604000.000       0.00000000    
   605000.000       0.00000000    
   606000.000       0.00000000    
   607000.000       0.00000000    
   608000.000       0.00000000    
   609000.000       0.00000000    
   610000.000       0.00000000    
   611000.000       0.00000000    
   612000.000       0.00000000    
   613000.000       0.00000000    
   614000.000       0.00000000    
   615000.000       0.00000000    
   616000.000       0.00000000    
   617000.000       0.00000000    
   618000.000       0.00000000    
   619000.000       0.00000000    
   620000.000       0.00000000    
   621000.000       0.00000000    
   622000.000       0.00000000    
   623000.000       0.00000000    
   624000.000       0.00000000    
   625000.000       0.00000000    
   626000.000       0.00000000    
   627000.000       0.00000000    
   628000.000       0.00000000    
   629000.000       0.00000000    
   630000.000       0.00000000    
   631000.000       0.00000000    
   632000.000       0.00000000    
   633000.000       0.00000000    
   634000.000       0.00000000    
   635000.000       0.00000000    
   636000.000       0.00000000    
   637000.000       0.00000000    
   638000.000       0.00000000    
   639000.000       0.00000000    
   640000.000       0.00000000    
   641000.000       0.00000000    
   642000.000       0.00000000    
   643000.000       0.00000000    
   644000.000       0.00000000    
   645000.000       0.00000000    
   646000.000       0.00000000    
   647000.000       0.00000000    
   648000.000       0.00000000    
   649000.000       0.00000000    
   650000.000       0.00000000    
   651000.000       0.00000000    
   652000.000       0.00000000    
   653000.000       0.00000000    
   654000.000       0.00000000    
   655000.000       0.00000000    
   656000.000       0.00000000    
   657000.000       0.00000000    
   658000.000       0.00000000    
   659000.000       0.00000000    
   660000.000       0.00000000    
   661000.000       0.00000000    
   662000.000       0.00000000    
   663000.000       0.00000000    
   664000.000       0.00000000    
   665000.000       0.00000000    
   666000.000       0.00000000    
   667000.000       0.00000000    
   668000.000       0.00000000    
   669000.000       0.00000000    
   670000.000       0.00000000    
   671000.000       0.00000000    
   672000.000       0.00000000    
   673000.000       0.00000000    
   674000.000       0.00000000    
   675000.000       0.00000000    
   676000.000       0.00000000    
   677000.000       0.00000000    
   678000.000       0.00000000    
   679000.000       0.00000000    
   680000.000       0.00000000    
   681000.000       0.00000000    
   682000.000       0.00000000    
   683000.000       0.00000000    
   684000.000       0.00000000    
   685000.000       0.00000000    
   686000.000       0.00000000    
   687000.000       0.00000000    
   688000.000       0.00000000    
   689000.000       0.00000000    
   690000.000       0.00000000    
   691000.000       0.00000000    
   692000.000       0.00000000    
   693000.000       0.00000000    
   694000.000       0.00000000    
   695000.000       0.00000000    
   696000.000       0.00000000    
   697000.000       0.00000000    
   698000.000       0.00000000    
   699000.000       0.00000000    
   700000.000       0.00000000    
   701000.000       0.00000000    
   702000.000       0.00000000    
   703000.000       0.00000000    
   704000.000       0.00000000    
   705000.000       0.00000000    
   706000.000       0.00000000    
   707000.000       0.00000000    
   708000.000       0.00000000    
   709000.000       0.00000000    
   710000.000       0.00000000    
   711000.000       0.00000000    
   712000.000       0.00000000    
   713000.000       0.00000000    
   714000.000       0.00000000    
   715000.000       0.00000000    
   716000.000       0.00000000    
   717000.000       0.00000000    
   718000.000       0.00000000    
   719000.000       0.00000000    
   720000.000       0.00000000    
   721000.000       0.00000000    
   722000.000       0.00000000    
   723000.000       0.00000000    
   724000.000       0.00000000    
   725000.000       0.00000000    
   726000.000       0.00000000    
   727000.000       0.00000000    
   728000.000       0.00000000    
   729000.000       0.00000000    
   730000.000       0.00000000    
   731000.000       0.00000000    
   732000.000       0.00000000    
   733000.000       0.00000000    
   734000.000       0.00000000    
   735000.000       0.00000000    
   736000.000       0.00000000    
   737000.000       0.00000000    
   738000.000       0.00000000    
   739000.000       0.00000000    
   740000.000       0.00000000    
   741000.000       0.00000000    
   742000.000       0.00000000    
   743000.000       0.00000000    
   744000.000       0.00000000    
   745000.000       0.00000000    
   746000.000       0.00000000    
   747000.000       0.00000000    
   748000.000       0.00000000    
   749000.000       0.00000000    
   750000.000       0.00000000    
   751000.000       0.00000000    
   752000.000       0.00000000    
   753000.000       0.00000000    
   754000.000       0.00000000    
   755000.000       0.00000000    
   756000.000       0.00000000    
   757000.000       0.00000000    
   758000.000       0.00000000    
   759000.000       0.00000000    
   760000.000       0.00000000    
   761000.000       0.00000000    
   762000.000       0.00000000    
   763000.000       0.00000000    
   764000.000       0.00000000    
   765000.000       0.00000000    
   766000.000       0.00000000    
   767000.000       0.00000000    
   768000.000       0.00000000    
   769000.000       0.00000000    
   770000.000       0.00000000    
   771000.000       0.00000000    
   772000.000       0.00000000    
   773000.000       0.00000000    
   774000.000       0.00000000    
   775000.000       0.00000000    
   776000.000       0.00000000    
   777000.000       0.00000000    
   778000.000       0.00000000    
   779000.000       0.00000000    
   780000.000       0.00000000    
   781000.000       0.00000000    
   782000.000       0.00000000    
   783000.000       0.00000000    
   784000.000       0.00000000    
   785000.000       0.00000000    
   786000.000       0.00000000    
   787000.000       0.00000000    
   788000.000       0.00000000    
   789000.000       0.00000000    
   790000.000       0.00000000    
   791000.000       0.00000000    
   792000.000       0.00000000    
   793000.000       0.00000000    
   794000.000       0.00000000    
   795000.000       0.00000000    
   796000.000       0.00000000    
   797000.000       0.00000000    
   798000.000       0.00000000    
   799000.000       0.00000000    
   800000.000       0.00000000    
   801000.000       0.00000000    
   802000.000       0.00000000    
   803000.000       0.00000000    
   804000.000       0.00000000    
   805000.000       0.00000000    
   806000.000       0.00000000    
   807000.000       0.00000000    
   808000.000       0.00000000    
   809000.000       0.00000000    
   810000.000       0.00000000    
   811000.000       0.00000000    
   812000.000       0.00000000    
   813000.000       0.00000000    
   814000.000       0.00000000    
   815000.000       0.00000000    
   816000.000       0.00000000    
   817000.000       0.00000000    
   818000.000       0.00000000    
   819000.000       0.00000000    
   820000.000       0.00000000    
   821000.000       0.00000000    
   822000.000       0.00000000    
   823000.000       0.00000000    
   824000.000       0.00000000    
   825000.000       0.00000000    
   826000.000       0.00000000    
   827000.000       0.00000000    
   828000.000       0.00000000    
   829000.000       0.00000000    
   830000.000       0.00000000    
   831000.000       0.00000000    
   832000.000       0.00000000    
   833000.000       0.00000000    
   834000.000       0.00000000    
   835000.000       0.00000000    
   836000.000       0.00000000    
   837000.000       0.00000000    
   838000.000       0.00000000    
   839000.000       0.00000000    
   840000.000       0.00000000    
   841000.000       0.00000000    
   842000.000       0.00000000    
   843000.000       0.00000000    
   844000.000       0.00000000    
   845000.000       0.00000000    
   846000.000       0.00000000    
   847000.000       0.00000000    
   848000.000       0.00000000    
   849000.000       0.00000000    
   850000.000       0.00000000    
   851000.000       0.00000000    
   852000.000       0.00000000    
   853000.000       0.00000000    
   854000.000       0.00000000    
   855000.000       0.00000000    
   856000.000       0.00000000    
   857000.000       0.00000000    
   858000.000       0.00000000    
   859000.000       0.00000000    
   860000.000       0.00000000    
   861000.000       0.00000000    
   862000.000       0.00000000    
   863000.000       0.00000000    
   864000.000       0.00000000    
   865000.000       0.00000000    
   866000.000       0.00000000    
   867000.000       0.00000000    
   868000.000       0.00000000    
   869000.000       0.00000000    
   870000.000       0.00000000    
   871000.000       0.00000000    
   872000.000       0.00000000    
   873000.000       0.00000000    
   874000.000       0.00000000    
   875000.000       0.00000000    
   876000.000       0.00000000    
   877000.000       0.00000000    
   878000.000       0.00000000    
   879000.000       0.00000000    
   880000.000       0.00000000    
   881000.000       0.00000000    
   882000.000       0.00000000    
   883000.000       0.00000000    
   884000.000       0.00000000    
   885000.000       0.00000000    
   886000.000       0.00000000    
   887000.000       0.00000000    
   888000.000       0.00000000    
   889000.000       0.00000000    
   890000.000       0.00000000    
   891000.000       0.00000000    
   892000.000       0.00000000    
   893000.000       0.00000000    
   894000.000       0.00000000    
   895000.000       0.00000000    
   896000.000       0.00000000    
   897000.000       0.00000000    
   898000.000       0.00000000    
   899000.000       0.00000000    
   900000.000       0.00000000    
   901000.000       0.00000000    
   902000.000       0.00000000    
   903000.000       0.00000000    
   904000.000       0.00000000    
   905000.000       0.00000000    
   906000.000       0.00000000    
   907000.000       0.00000000    
   908000.000       0.00000000    
   909000.000       0.00000000    
   910000.000       0.00000000    
   911000.000       0.00000000    
   912000.000       0.00000000    
   913000.000       0.00000000    
   914000.000       0.00000000    
   915000.000       0.00000000    
   916000.000       0.00000000    
   917000.000       0.00000000    
   918000.000       0.00000000    
   919000.000       0.00000000    
   920000.000       0.00000000    
   921000.000       0.00000000    
   922000.000       0.00000000    
   923000.000       0.00000000    
   924000.000       0.00000000    
   925000.000       0.00000000    
   926000.000       0.00000000    
   927000.000       0.00000000    
   928000.000       0.00000000    
   929000.000       0.00000000    
   930000.000       0.00000000    
   931000.000       0.00000000    
   932000.000       0.00000000    
   933000.000       0.00000000    
   934000.000       0.00000000    
   935000.000       0.00000000    
   936000.000       0.00000000    
   937000.000       0.00000000    
   938000.000       0.00000000    
   939000.000       0.00000000    
   940000.000       0.00000000    
   941000.000       0.00000000    
