    500    1000.0 1000000.02000.0 0.287  1 50.0
   1000.00000       3.32472009E-05
   3000.00000       0.00000000    
   5000.00000       0.00000000    
   7000.00000       0.00000000    
   9000.00000       0.00000000    
   11000.0000       0.00000000    
   13000.0000       0.00000000    
   15000.0000       0.00000000    
   17000.0000       0.00000000    
   19000.0000       0.00000000    
   21000.0000       0.00000000    
   23000.0000       0.00000000    
   25000.0000       0.00000000    
   27000.0000       0.00000000    
   29000.0000       0.00000000    
   31000.0000       0.00000000    
   33000.0000       0.00000000    
   35000.0000       0.00000000    
   37000.0000       0.00000000    
   39000.0000       0.00000000    
   41000.0000       0.00000000    
   43000.0000       0.00000000    
   45000.0000       0.00000000    
   47000.0000       0.00000000    
   49000.0000       0.00000000    
   51000.0000       0.00000000    
   53000.0000       0.00000000    
   55000.0000       0.00000000    
   57000.0000       0.00000000    
   59000.0000       0.00000000    
   61000.0000       0.00000000    
   63000.0000       0.00000000    
   65000.0000       0.00000000    
   67000.0000       0.00000000    
   69000.0000       0.00000000    
   71000.0000       0.00000000    
   73000.0000       0.00000000    
   75000.0000       0.00000000    
   77000.0000       0.00000000    
   79000.0000       0.00000000    
   81000.0000       0.00000000    
   83000.0000       0.00000000    
   85000.0000       0.00000000    
   87000.0000       0.00000000    
   89000.0000       0.00000000    
   91000.0000       0.00000000    
   93000.0000       0.00000000    
   95000.0000       0.00000000    
   97000.0000       0.00000000    
   99000.0000       0.00000000    
   101000.000       0.00000000    
   103000.000       0.00000000    
   105000.000       0.00000000    
   107000.000       0.00000000    
   109000.000       0.00000000    
   111000.000       0.00000000    
   113000.000       0.00000000    
   115000.000       0.00000000    
   117000.000       0.00000000    
   119000.000       0.00000000    
   121000.000       0.00000000    
   123000.000       0.00000000    
   125000.000       0.00000000    
   127000.000       0.00000000    
   129000.000       0.00000000    
   131000.000       0.00000000    
   133000.000       0.00000000    
   135000.000       0.00000000    
   137000.000       0.00000000    
   139000.000       0.00000000    
   141000.000       0.00000000    
   143000.000       0.00000000    
   145000.000       0.00000000    
   147000.000       0.00000000    
   149000.000       0.00000000    
   151000.000       0.00000000    
   153000.000       0.00000000    
   155000.000       0.00000000    
   157000.000       0.00000000    
   159000.000       0.00000000    
   161000.000       0.00000000    
   163000.000       0.00000000    
   165000.000       0.00000000    
   167000.000       0.00000000    
   169000.000       0.00000000    
   171000.000       0.00000000    
   173000.000       0.00000000    
   175000.000       0.00000000    
   177000.000       0.00000000    
   179000.000       0.00000000    
   181000.000       0.00000000    
   183000.000       0.00000000    
   185000.000       0.00000000    
   187000.000       0.00000000    
   189000.000       0.00000000    
   191000.000       0.00000000    
   193000.000       0.00000000    
   195000.000       0.00000000    
   197000.000       0.00000000    
   199000.000       0.00000000    
   201000.000       0.00000000    
   203000.000       0.00000000    
   205000.000       0.00000000    
   207000.000       0.00000000    
   209000.000       0.00000000    
   211000.000       0.00000000    
   213000.000       0.00000000    
   215000.000       0.00000000    
   217000.000       0.00000000    
   219000.000       0.00000000    
   221000.000       0.00000000    
   223000.000       0.00000000    
   225000.000       0.00000000    
   227000.000       0.00000000    
   229000.000       0.00000000    
   231000.000       0.00000000    
   233000.000       0.00000000    
   235000.000       0.00000000    
   237000.000       0.00000000    
   239000.000       0.00000000    
   241000.000       0.00000000    
   243000.000       0.00000000    
   245000.000       0.00000000    
   247000.000       0.00000000    
   249000.000       0.00000000    
   251000.000       0.00000000    
   253000.000       0.00000000    
   255000.000       0.00000000    
   257000.000       0.00000000    
   259000.000       0.00000000    
   261000.000       0.00000000    
   263000.000       0.00000000    
   265000.000       0.00000000    
   267000.000       0.00000000    
   269000.000       0.00000000    
   271000.000       0.00000000    
   273000.000       0.00000000    
   275000.000       0.00000000    
   277000.000       0.00000000    
   279000.000       0.00000000    
   281000.000       0.00000000    
   283000.000       0.00000000    
   285000.000       0.00000000    
   287000.000       0.00000000    
   289000.000       0.00000000    
   291000.000       0.00000000    
   293000.000       0.00000000    
   295000.000       0.00000000    
   297000.000       0.00000000    
   299000.000       0.00000000    
   301000.000       0.00000000    
   303000.000       0.00000000    
   305000.000       0.00000000    
   307000.000       0.00000000    
   309000.000       0.00000000    
   311000.000       0.00000000    
   313000.000       0.00000000    
   315000.000       0.00000000    
   317000.000       0.00000000    
   319000.000       0.00000000    
   321000.000       0.00000000    
   323000.000       0.00000000    
   325000.000       0.00000000    
   327000.000       0.00000000    
   329000.000       0.00000000    
   331000.000       0.00000000    
   333000.000       0.00000000    
   335000.000       0.00000000    
   337000.000       0.00000000    
   339000.000       0.00000000    
   341000.000       0.00000000    
   343000.000       0.00000000    
   345000.000       0.00000000    
   347000.000       0.00000000    
   349000.000       0.00000000    
   351000.000       0.00000000    
   353000.000       0.00000000    
   355000.000       0.00000000    
   357000.000       0.00000000    
   359000.000       0.00000000    
   361000.000       0.00000000    
   363000.000       0.00000000    
   365000.000       0.00000000    
   367000.000       0.00000000    
   369000.000       0.00000000    
   371000.000       0.00000000    
   373000.000       0.00000000    
   375000.000       0.00000000    
   377000.000       0.00000000    
   379000.000       0.00000000    
   381000.000       0.00000000    
   383000.000       0.00000000    
   385000.000       0.00000000    
   387000.000       0.00000000    
   389000.000       0.00000000    
   391000.000       0.00000000    
   393000.000       0.00000000    
   395000.000       0.00000000    
   397000.000       0.00000000    
   399000.000       0.00000000    
   401000.000       0.00000000    
   403000.000       0.00000000    
   405000.000       0.00000000    
   407000.000       0.00000000    
   409000.000       0.00000000    
   411000.000       0.00000000    
   413000.000       0.00000000    
   415000.000       0.00000000    
   417000.000       0.00000000    
   419000.000       0.00000000    
   421000.000       0.00000000    
   423000.000       0.00000000    
   425000.000       0.00000000    
   427000.000       0.00000000    
   429000.000       0.00000000    
   431000.000       0.00000000    
   433000.000       0.00000000    
   435000.000       0.00000000    
   437000.000       0.00000000    
   439000.000       0.00000000    
   441000.000       0.00000000    
   443000.000       0.00000000    
   445000.000       0.00000000    
   447000.000       0.00000000    
   449000.000       0.00000000    
   451000.000       0.00000000    
   453000.000       0.00000000    
   455000.000       0.00000000    
   457000.000       0.00000000    
   459000.000       0.00000000    
   461000.000       0.00000000    
   463000.000       0.00000000    
   465000.000       0.00000000    
   467000.000       0.00000000    
   469000.000       0.00000000    
   471000.000       0.00000000    
   473000.000       0.00000000    
   475000.000       0.00000000    
   477000.000       0.00000000    
   479000.000       0.00000000    
   481000.000       0.00000000    
   483000.000       0.00000000    
   485000.000       0.00000000    
   487000.000       0.00000000    
   489000.000       0.00000000    
   491000.000       0.00000000    
   493000.000       0.00000000    
   495000.000       0.00000000    
   497000.000       0.00000000    
   499000.000       0.00000000    
   501000.000       0.00000000    
   503000.000       0.00000000    
   505000.000       0.00000000    
   507000.000       0.00000000    
   509000.000       0.00000000    
   511000.000       0.00000000    
   513000.000       0.00000000    
   515000.000       0.00000000    
   517000.000       0.00000000    
   519000.000       0.00000000    
   521000.000       0.00000000    
   523000.000       0.00000000    
   525000.000       0.00000000    
   527000.000       0.00000000    
   529000.000       0.00000000    
   531000.000       0.00000000    
   533000.000       0.00000000    
   535000.000       0.00000000    
   537000.000       0.00000000    
   539000.000       0.00000000    
   541000.000       0.00000000    
   543000.000       0.00000000    
   545000.000       0.00000000    
   547000.000       0.00000000    
   549000.000       0.00000000    
   551000.000       0.00000000    
   553000.000       0.00000000    
   555000.000       0.00000000    
   557000.000       0.00000000    
   559000.000       0.00000000    
   561000.000       0.00000000    
   563000.000       0.00000000    
   565000.000       0.00000000    
   567000.000       0.00000000    
   569000.000       0.00000000    
   571000.000       0.00000000    
   573000.000       0.00000000    
   575000.000       0.00000000    
   577000.000       0.00000000    
   579000.000       0.00000000    
   581000.000       0.00000000    
   583000.000       0.00000000    
   585000.000       0.00000000    
   587000.000       0.00000000    
   589000.000       0.00000000    
   591000.000       0.00000000    
   593000.000       0.00000000    
   595000.000       0.00000000    
   597000.000       0.00000000    
   599000.000       0.00000000    
   601000.000       0.00000000    
   603000.000       0.00000000    
   605000.000       0.00000000    
   607000.000       0.00000000    
   609000.000       0.00000000    
   611000.000       0.00000000    
   613000.000       0.00000000    
   615000.000       0.00000000    
   617000.000       0.00000000    
   619000.000       0.00000000    
   621000.000       0.00000000    
   623000.000       0.00000000    
   625000.000       0.00000000    
   627000.000       0.00000000    
   629000.000       0.00000000    
   631000.000       0.00000000    
   633000.000       0.00000000    
   635000.000       0.00000000    
   637000.000       0.00000000    
   639000.000       0.00000000    
   641000.000       0.00000000    
   643000.000       0.00000000    
   645000.000       0.00000000    
   647000.000       0.00000000    
   649000.000       0.00000000    
   651000.000       0.00000000    
   653000.000       0.00000000    
   655000.000       0.00000000    
   657000.000       0.00000000    
   659000.000       0.00000000    
   661000.000       0.00000000    
   663000.000       0.00000000    
   665000.000       0.00000000    
   667000.000       0.00000000    
   669000.000       0.00000000    
   671000.000       0.00000000    
   673000.000       0.00000000    
   675000.000       0.00000000    
   677000.000       0.00000000    
   679000.000       0.00000000    
   681000.000       0.00000000    
   683000.000       0.00000000    
   685000.000       0.00000000    
   687000.000       0.00000000    
   689000.000       0.00000000    
   691000.000       0.00000000    
   693000.000       0.00000000    
   695000.000       0.00000000    
   697000.000       0.00000000    
   699000.000       0.00000000    
   701000.000       0.00000000    
   703000.000       0.00000000    
   705000.000       0.00000000    
   707000.000       0.00000000    
   709000.000       0.00000000    
   711000.000       0.00000000    
   713000.000       0.00000000    
   715000.000       0.00000000    
   717000.000       0.00000000    
   719000.000       0.00000000    
   721000.000       0.00000000    
   723000.000       0.00000000    
   725000.000       0.00000000    
   727000.000       0.00000000    
   729000.000       0.00000000    
   731000.000       0.00000000    
   733000.000       0.00000000    
   735000.000       0.00000000    
   737000.000       0.00000000    
   739000.000       0.00000000    
   741000.000       0.00000000    
   743000.000       0.00000000    
   745000.000       0.00000000    
   747000.000       0.00000000    
   749000.000       0.00000000    
   751000.000       0.00000000    
   753000.000       0.00000000    
   755000.000       0.00000000    
   757000.000       0.00000000    
   759000.000       0.00000000    
   761000.000       0.00000000    
   763000.000       0.00000000    
   765000.000       0.00000000    
   767000.000       0.00000000    
   769000.000       0.00000000    
   771000.000       0.00000000    
   773000.000       0.00000000    
   775000.000       0.00000000    
   777000.000       0.00000000    
   779000.000       0.00000000    
   781000.000       0.00000000    
   783000.000       0.00000000    
   785000.000       0.00000000    
   787000.000       0.00000000    
   789000.000       0.00000000    
   791000.000       0.00000000    
   793000.000       0.00000000    
   795000.000       0.00000000    
   797000.000       0.00000000    
   799000.000       0.00000000    
   801000.000       0.00000000    
   803000.000       0.00000000    
   805000.000       0.00000000    
   807000.000       0.00000000    
   809000.000       0.00000000    
   811000.000       0.00000000    
   813000.000       0.00000000    
   815000.000       0.00000000    
   817000.000       0.00000000    
   819000.000       0.00000000    
   821000.000       0.00000000    
   823000.000       0.00000000    
   825000.000       0.00000000    
   827000.000       0.00000000    
   829000.000       0.00000000    
   831000.000       0.00000000    
   833000.000       0.00000000    
   835000.000       0.00000000    
   837000.000       0.00000000    
   839000.000       0.00000000    
   841000.000       0.00000000    
   843000.000       0.00000000    
   845000.000       0.00000000    
   847000.000       0.00000000    
   849000.000       0.00000000    
   851000.000       0.00000000    
   853000.000       0.00000000    
   855000.000       0.00000000    
   857000.000       0.00000000    
   859000.000       0.00000000    
   861000.000       0.00000000    
   863000.000       0.00000000    
   865000.000       0.00000000    
   867000.000       0.00000000    
   869000.000       0.00000000    
   871000.000       0.00000000    
   873000.000       0.00000000    
   875000.000       0.00000000    
   877000.000       0.00000000    
   879000.000       0.00000000    
   881000.000       0.00000000    
   883000.000       0.00000000    
   885000.000       0.00000000    
   887000.000       0.00000000    
   889000.000       0.00000000    
   891000.000       0.00000000    
   893000.000       0.00000000    
   895000.000       0.00000000    
   897000.000       0.00000000    
   899000.000       0.00000000    
   901000.000       0.00000000    
   903000.000       0.00000000    
   905000.000       0.00000000    
   907000.000       0.00000000    
   909000.000       0.00000000    
   911000.000       0.00000000    
   913000.000       0.00000000    
   915000.000       0.00000000    
   917000.000       0.00000000    
   919000.000       0.00000000    
   921000.000       0.00000000    
   923000.000       0.00000000    
   925000.000       0.00000000    
   927000.000       0.00000000    
   929000.000       0.00000000    
   931000.000       0.00000000    
   933000.000       0.00000000    
   935000.000       0.00000000    
   937000.000       0.00000000    
   939000.000       0.00000000    
   941000.000       0.00000000    
   943000.000       0.00000000    
   945000.000       0.00000000    
   947000.000       0.00000000    
   949000.000       0.00000000    
   951000.000       0.00000000    
   953000.000       0.00000000    
   955000.000       0.00000000    
   957000.000       0.00000000    
   959000.000       0.00000000    
   961000.000       0.00000000    
   963000.000       0.00000000    
   965000.000       0.00000000    
   967000.000       0.00000000    
   969000.000       0.00000000    
   971000.000       0.00000000    
   973000.000       0.00000000    
   975000.000       0.00000000    
   977000.000       0.00000000    
   979000.000       0.00000000    
   981000.000       0.00000000    
   983000.000       0.00000000    
   985000.000       0.00000000    
   987000.000       0.00000000    
   989000.000       0.00000000    
   991000.000       0.00000000    
   993000.000       0.00000000    
   995000.000       0.00000000    
   997000.000       0.00000000    
   999000.000       0.00000000    
