           age              Cs          Omega0           tstar       R_env_max       theta_cav  rho_cav_center    rho_cav_edge           rstar      M_disk_dot          M_disk            beta            h100         rho_cav      percentile        absolute        relative      view_angle       cav_power    rho_cav_in   rho_cav_out          a_in
# start from the best fit model
  1.000000e+04    5.000000e-01    2.527800e-13    6.584000e+03    4.125300e+04    2.000000e+01    5.000000e-19    4.000000e+01    3.000000e+00    6.500000e-07    7.500000e-02    1.093000e+00    8.123000e+00    1.000000e-21    9.500000e+01    2.000000e+00    1.020000e+00            40.0             2.0           1e3           1e4          77.5
# larger radius to enclose the ellipsoid cavity
  1.000000e+04    5.000000e-01    2.527800e-13    6.584000e+03    4.628000e+04    2.000000e+01    5.000000e-19    4.000000e+01    3.000000e+00    6.500000e-07    7.500000e-02    1.093000e+00    8.123000e+00    1.000000e-21    9.500000e+01    2.000000e+00    1.020000e+00            40.0             2.0           1e3           1e4          77.5
# # try different cavity densities
# # inner
#   1.000000e+04    5.000000e-01    2.527800e-13    6.584000e+03    4.125300e+04    2.000000e+01    5.000000e-19    4.000000e+01    3.000000e+00    6.500000e-07    7.500000e-02    1.093000e+00    8.123000e+00    1.000000e-21    9.500000e+01    2.000000e+00    1.020000e+00            40.0             2.0         2.5e3           1e4          77.5
#   1.000000e+04    5.000000e-01    2.527800e-13    6.584000e+03    4.125300e+04    2.000000e+01    5.000000e-19    4.000000e+01    3.000000e+00    6.500000e-07    7.500000e-02    1.093000e+00    8.123000e+00    1.000000e-21    9.500000e+01    2.000000e+00    1.020000e+00            40.0             2.0         7.5e3           1e4          77.5
# # outer
#   1.000000e+04    5.000000e-01    2.527800e-13    6.584000e+03    4.125300e+04    2.000000e+01    5.000000e-19    4.000000e+01    3.000000e+00    6.500000e-07    7.500000e-02    1.093000e+00    8.123000e+00    1.000000e-21    9.500000e+01    2.000000e+00    1.020000e+00            40.0             2.0           1e3           1e5          77.5
#   1.000000e+04    5.000000e-01    2.527800e-13    6.584000e+03    4.125300e+04    2.000000e+01    5.000000e-19    4.000000e+01    3.000000e+00    6.500000e-07    7.500000e-02    1.093000e+00    8.123000e+00    1.000000e-21    9.500000e+01    2.000000e+00    1.020000e+00            40.0             2.0           1e3           1e6          77.5
# # try different size of the inner ellipsoid
#   1.000000e+04    5.000000e-01    2.527800e-13    6.584000e+03    4.125300e+04    2.000000e+01    5.000000e-19    4.000000e+01    3.000000e+00    6.500000e-07    7.500000e-02    1.093000e+00    8.123000e+00    1.000000e-21    9.500000e+01    2.000000e+00    1.020000e+00            40.0             2.0           1e3           1e4           100
#   1.000000e+04    5.000000e-01    2.527800e-13    6.584000e+03    4.125300e+04    2.000000e+01    5.000000e-19    4.000000e+01    3.000000e+00    6.500000e-07    7.500000e-02    1.093000e+00    8.123000e+00    1.000000e-21    9.500000e+01    2.000000e+00    1.020000e+00            40.0             2.0           1e3           1e4            90
#   1.000000e+04    5.000000e-01    2.527800e-13    6.584000e+03    4.125300e+04    2.000000e+01    5.000000e-19    4.000000e+01    3.000000e+00    6.500000e-07    7.500000e-02    1.093000e+00    8.123000e+00    1.000000e-21    9.500000e+01    2.000000e+00    1.020000e+00            40.0             2.0           1e3           1e4            80
#   1.000000e+04    5.000000e-01    2.527800e-13    6.584000e+03    4.125300e+04    2.000000e+01    5.000000e-19    4.000000e+01    3.000000e+00    6.500000e-07    7.500000e-02    1.093000e+00    8.123000e+00    1.000000e-21    9.500000e+01    2.000000e+00    1.020000e+00            40.0             2.0           1e3           1e4           110
# # at this density composition, the size of the inner cavity doesn't seem to be important
# # # try a higher outer cavity density
# #   1.000000e+04    5.000000e-01    2.527800e-13    6.584000e+03    4.125300e+04    2.000000e+01    5.000000e-19    4.000000e+01    3.000000e+00    6.500000e-07    7.500000e-02    1.093000e+00    8.123000e+00    1.000000e-21    9.500000e+01    2.000000e+00    1.020000e+00            40.0             2.0           1e3           1e7          77.5
# # # ^ too much extinction
# # try smaller inner cavity
#   1.000000e+04    5.000000e-01    2.527800e-13    6.584000e+03    4.125300e+04    2.000000e+01    5.000000e-19    4.000000e+01    3.000000e+00    6.500000e-07    7.500000e-02    1.093000e+00    8.123000e+00    1.000000e-21    9.500000e+01    2.000000e+00    1.020000e+00            40.0             2.0           1e3           1e6            60
#   1.000000e+04    5.000000e-01    2.527800e-13    6.584000e+03    4.125300e+04    2.000000e+01    5.000000e-19    4.000000e+01    3.000000e+00    6.500000e-07    7.500000e-02    1.093000e+00    8.123000e+00    1.000000e-21    9.500000e+01    2.000000e+00    1.020000e+00            40.0             2.0           1e3           1e6            50
#   1.000000e+04    5.000000e-01    2.527800e-13    6.584000e+03    4.125300e+04    2.000000e+01    5.000000e-19    4.000000e+01    3.000000e+00    6.500000e-07    7.500000e-02    1.093000e+00    8.123000e+00    1.000000e-21    9.500000e+01    2.000000e+00    1.020000e+00            40.0             2.0           1e3           1e6            40
# # varying the inner cavity density while set a pretty high outer cavity density
#   1.000000e+04    5.000000e-01    2.527800e-13    6.584000e+03    4.125300e+04    2.000000e+01    5.000000e-19    4.000000e+01    3.000000e+00    6.500000e-07    7.500000e-02    1.093000e+00    8.123000e+00    1.000000e-21    9.500000e+01    2.000000e+00    1.020000e+00            40.0             2.0           1e4           1e6          77.5
#   1.000000e+04    5.000000e-01    2.527800e-13    6.584000e+03    4.125300e+04    2.000000e+01    5.000000e-19    4.000000e+01    3.000000e+00    6.500000e-07    7.500000e-02    1.093000e+00    8.123000e+00    1.000000e-21    9.500000e+01    2.000000e+00    1.020000e+00            40.0             2.0           1e5           1e6          77.5
